-401.000000 1
-521.000000 2
-589.000000 3
-609.000000 4
-661.000000 5
-701.000000 6
-725.000000 7
-741.000000 8
-757.000000 9
-765.000000 10
-797.000000 11
-793.000000 12
-813.000000 13
-821.000000 14
-825.000000 15
-821.000000 16
-817.000000 17
-821.000000 18
-837.000000 19
-861.000000 20
-873.000000 21
-873.000000 22
-889.000000 23
-885.000000 24
-889.000000 25
-897.000000 26
-893.000000 27
-909.000000 28
-925.000000 29
-925.000000 30
-933.000000 31
-921.000000 32
-929.000000 33
-921.000000 34
-925.000000 35
-933.000000 36
-933.000000 37
-933.000000 38
-933.000000 39
-933.000000 40
-929.000000 41
-941.000000 42
-957.000000 43
-957.000000 44
-945.000000 45
-949.000000 46
-945.000000 47
-953.000000 48
-953.000000 49
-953.000000 50
-957.000000 51
-973.000000 52
-965.000000 53
-961.000000 54
-953.000000 55
-969.000000 56
-965.000000 57
-965.000000 58
-965.000000 59
-973.000000 60
-965.000000 61
-989.000000 62
-985.000000 63
-993.000000 64
-1005.000000 65
-1005.000000 66
-1009.000000 67
-1013.000000 68
-1029.000000 69
-1029.000000 70
-1021.000000 71
-1033.000000 72
-1037.000000 73
-1037.000000 74
-1037.000000 75
-1033.000000 76
-1033.000000 77
-1033.000000 78
-1029.000000 79
-1029.000000 80
-1033.000000 81
-1037.000000 82
-1037.000000 83
-1041.000000 84
-1045.000000 85
-1041.000000 86
-1053.000000 87
-1045.000000 88
-1041.000000 89
-1045.000000 90
-1049.000000 91
-1053.000000 92
-1045.000000 93
-1049.000000 94
-1045.000000 95
-1045.000000 96
-1049.000000 97
-1049.000000 98
-1045.000000 99
-1045.000000 100
-1037.000000 101
-1041.000000 102
-1045.000000 103
-1045.000000 104
-1037.000000 105
-1025.000000 106
-1041.000000 107
-1041.000000 108
-1053.000000 109
-1053.000000 110
-1045.000000 111
-1049.000000 112
-1061.000000 113
-1069.000000 114
-1057.000000 115
-1065.000000 116
-1065.000000 117
-1065.000000 118
-1069.000000 119
-1069.000000 120
-1065.000000 121
-1065.000000 122
-1061.000000 123
-1065.000000 124
-1073.000000 125
-1077.000000 126
-1069.000000 127
-1061.000000 128
-1081.000000 129
-1081.000000 130
-1077.000000 131
-1073.000000 132
-1085.000000 133
-1085.000000 134
-1081.000000 135
-1089.000000 136
-1085.000000 137
-1085.000000 138
-1089.000000 139
-1093.000000 140
-1097.000000 141
-1085.000000 142
-1093.000000 143
-1101.000000 144
-1097.000000 145
-1105.000000 146
-1105.000000 147
-1105.000000 148
-1109.000000 149
-1109.000000 150
-1113.000000 151
-1105.000000 152
-1097.000000 153
-1097.000000 154
-1101.000000 155
-1113.000000 156
-1109.000000 157
-1113.000000 158
-1117.000000 159
-1109.000000 160
-1113.000000 161
-1113.000000 162
-1113.000000 163
-1117.000000 164
-1113.000000 165
-1117.000000 166
-1109.000000 167
-1117.000000 168
-1117.000000 169
-1113.000000 170
-1105.000000 171
-1109.000000 172
-1117.000000 173
-1117.000000 174
-1113.000000 175
-1117.000000 176
-1117.000000 177
-1117.000000 178
-1117.000000 179
-1117.000000 180
-1113.000000 181
-1121.000000 182
-1113.000000 183
-1117.000000 184
-1137.000000 185
-1129.000000 186
-1129.000000 187
-1121.000000 188
-1121.000000 189
-1129.000000 190
-1129.000000 191
-1121.000000 192
-1121.000000 193
-1129.000000 194
-1133.000000 195
-1133.000000 196
-1137.000000 197
-1145.000000 198
-1145.000000 199
-1141.000000 200
-1141.000000 201
-1141.000000 202
-1145.000000 203
-1145.000000 204
-1145.000000 205
-1137.000000 206
-1141.000000 207
-1145.000000 208
-1145.000000 209
-1141.000000 210
-1141.000000 211
-1137.000000 212
-1137.000000 213
-1129.000000 214
-1125.000000 215
-1133.000000 216
-1133.000000 217
-1129.000000 218
-1133.000000 219
-1133.000000 220
-1137.000000 221
-1137.000000 222
-1141.000000 223
-1149.000000 224
-1149.000000 225
-1137.000000 226
-1133.000000 227
-1137.000000 228
-1129.000000 229
-1133.000000 230
-1137.000000 231
-1129.000000 232
-1129.000000 233
-1129.000000 234
-1125.000000 235
-1125.000000 236
-1141.000000 237
-1133.000000 238
-1145.000000 239
-1145.000000 240
-1141.000000 241
-1141.000000 242
-1137.000000 243
-1141.000000 244
-1141.000000 245
-1145.000000 246
-1137.000000 247
-1133.000000 248
-1137.000000 249
-1141.000000 250
-1145.000000 251
-1145.000000 252
-1145.000000 253
-1145.000000 254
-1145.000000 255
-1141.000000 256
-1145.000000 257
-1145.000000 258
-1149.000000 259
-1149.000000 260
-1149.000000 261
-1145.000000 262
-1145.000000 263
-1149.000000 264
-1141.000000 265
-1145.000000 266
-1145.000000 267
-1149.000000 268
-1145.000000 269
-1149.000000 270
-1149.000000 271
-1149.000000 272
-1145.000000 273
-1137.000000 274
-1141.000000 275
-1141.000000 276
-1141.000000 277
-1141.000000 278
-1137.000000 279
-1145.000000 280
-1145.000000 281
-1145.000000 282
-1149.000000 283
-1153.000000 284
-1165.000000 285
-1161.000000 286
-1169.000000 287
-1169.000000 288
-1161.000000 289
-1161.000000 290
-1157.000000 291
-1161.000000 292
-1161.000000 293
-1157.000000 294
-1165.000000 295
-1157.000000 296
-1153.000000 297
-1157.000000 298
-1165.000000 299
-1149.000000 300
-1145.000000 301
-1161.000000 302
-1161.000000 303
-1169.000000 304
-1165.000000 305
-1177.000000 306
-1169.000000 307
-1173.000000 308
-1173.000000 309
-1173.000000 310
-1173.000000 311
-1177.000000 312
-1181.000000 313
-1185.000000 314
-1181.000000 315
-1177.000000 316
-1177.000000 317
-1177.000000 318
-1173.000000 319
-1177.000000 320
-1181.000000 321
-1185.000000 322
-1189.000000 323
-1189.000000 324
-1185.000000 325
-1181.000000 326
-1185.000000 327
-1189.000000 328
-1185.000000 329
-1189.000000 330
-1193.000000 331
-1189.000000 332
-1173.000000 333
-1177.000000 334
-1181.000000 335
-1189.000000 336
-1189.000000 337
-1193.000000 338
-1189.000000 339
-1185.000000 340
-1189.000000 341
-1189.000000 342
-1189.000000 343
-1193.000000 344
-1197.000000 345
-1189.000000 346
-1185.000000 347
-1193.000000 348
-1193.000000 349
-1193.000000 350
-1193.000000 351
-1193.000000 352
-1189.000000 353
-1189.000000 354
-1185.000000 355
-1189.000000 356
-1197.000000 357
-1197.000000 358
-1197.000000 359
-1201.000000 360
-1197.000000 361
-1193.000000 362
-1197.000000 363
-1197.000000 364
-1193.000000 365
-1193.000000 366
-1189.000000 367
-1189.000000 368
-1193.000000 369
-1189.000000 370
-1197.000000 371
-1197.000000 372
-1197.000000 373
-1201.000000 374
-1201.000000 375
-1201.000000 376
-1193.000000 377
-1201.000000 378
-1197.000000 379
-1201.000000 380
-1193.000000 381
-1197.000000 382
-1197.000000 383
-1185.000000 384
-1189.000000 385
-1189.000000 386
-1185.000000 387
-1189.000000 388
-1189.000000 389
-1185.000000 390
-1181.000000 391
-1189.000000 392
-1193.000000 393
-1189.000000 394
-1185.000000 395
-1193.000000 396
-1197.000000 397
-1197.000000 398
-1189.000000 399
-1193.000000 400
-1193.000000 401
-1181.000000 402
-1185.000000 403
-1193.000000 404
-1189.000000 405
-1189.000000 406
-1189.000000 407
-1185.000000 408
-1189.000000 409
-1189.000000 410
-1193.000000 411
-1193.000000 412
-1189.000000 413
-1181.000000 414
-1185.000000 415
-1193.000000 416
-1193.000000 417
-1197.000000 418
-1189.000000 419
-1181.000000 420
-1177.000000 421
-1185.000000 422
-1193.000000 423
-1193.000000 424
-1197.000000 425
-1197.000000 426
-1193.000000 427
-1189.000000 428
-1193.000000 429
-1193.000000 430
-1185.000000 431
-1185.000000 432
-1189.000000 433
-1193.000000 434
-1193.000000 435
-1185.000000 436
-1193.000000 437
-1197.000000 438
-1181.000000 439
-1181.000000 440
-1185.000000 441
-1189.000000 442
-1189.000000 443
-1185.000000 444
-1193.000000 445
-1201.000000 446
-1201.000000 447
-1197.000000 448
-1205.000000 449
-1201.000000 450
-1201.000000 451
-1185.000000 452
-1181.000000 453
-1189.000000 454
-1189.000000 455
-1201.000000 456
-1205.000000 457
-1205.000000 458
-1205.000000 459
-1205.000000 460
-1201.000000 461
-1197.000000 462
-1201.000000 463
-1197.000000 464
-1193.000000 465
-1197.000000 466
-1201.000000 467
-1197.000000 468
-1193.000000 469
-1189.000000 470
-1197.000000 471
-1193.000000 472
-1197.000000 473
-1193.000000 474
-1197.000000 475
-1197.000000 476
-1193.000000 477
-1189.000000 478
-1193.000000 479
-1185.000000 480
-1189.000000 481
-1185.000000 482
-1189.000000 483
-1181.000000 484
-1177.000000 485
-1177.000000 486
-1177.000000 487
-1177.000000 488
-1181.000000 489
-1177.000000 490
-1177.000000 491
-1181.000000 492
-1181.000000 493
-1177.000000 494
-1177.000000 495
-1177.000000 496
-1177.000000 497
-1181.000000 498
-1185.000000 499
-1189.000000 500
-1189.000000 501
-1185.000000 502
-1197.000000 503
-1193.000000 504
-1197.000000 505
-1197.000000 506
-1193.000000 507
-1193.000000 508
-1197.000000 509
-1201.000000 510
-1197.000000 511
-1193.000000 512
-1193.000000 513
-1193.000000 514
-1189.000000 515
-1189.000000 516
-1193.000000 517
-1189.000000 518
-1193.000000 519
-1193.000000 520
-1197.000000 521
-1197.000000 522
-1197.000000 523
-1193.000000 524
-1193.000000 525
-1197.000000 526
-1197.000000 527
-1197.000000 528
-1197.000000 529
-1193.000000 530
-1197.000000 531
-1201.000000 532
-1201.000000 533
-1201.000000 534
-1193.000000 535
-1193.000000 536
-1189.000000 537
-1193.000000 538
-1197.000000 539
-1197.000000 540
-1197.000000 541
-1205.000000 542
-1201.000000 543
-1205.000000 544
-1201.000000 545
-1205.000000 546
-1205.000000 547
-1205.000000 548
-1205.000000 549
-1201.000000 550
-1201.000000 551
-1201.000000 552
-1201.000000 553
-1201.000000 554
-1189.000000 555
-1189.000000 556
-1181.000000 557
-1177.000000 558
-1181.000000 559
-1181.000000 560
-1185.000000 561
-1181.000000 562
-1185.000000 563
-1189.000000 564
-1193.000000 565
-1189.000000 566
-1193.000000 567
-1193.000000 568
-1197.000000 569
-1201.000000 570
-1197.000000 571
-1197.000000 572
-1201.000000 573
-1185.000000 574
-1197.000000 575
-1185.000000 576
-1201.000000 577
-1205.000000 578
-1201.000000 579
-1205.000000 580
-1193.000000 581
-1201.000000 582
-1197.000000 583
-1197.000000 584
-1205.000000 585
-1197.000000 586
-1197.000000 587
-1209.000000 588
-1209.000000 589
-1209.000000 590
-1205.000000 591
-1205.000000 592
-1209.000000 593
-1209.000000 594
-1213.000000 595
-1209.000000 596
-1209.000000 597
-1201.000000 598
-1209.000000 599
-1217.000000 600
-1213.000000 601
-1209.000000 602
-1213.000000 603
-1213.000000 604
-1221.000000 605
-1221.000000 606
-1209.000000 607
-1213.000000 608
-1209.000000 609
-1213.000000 610
-1209.000000 611
-1217.000000 612
-1221.000000 613
-1221.000000 614
-1225.000000 615
-1233.000000 616
-1233.000000 617
-1237.000000 618
-1229.000000 619
-1225.000000 620
-1237.000000 621
-1233.000000 622
-1221.000000 623
-1233.000000 624
-1225.000000 625
-1233.000000 626
-1233.000000 627
-1233.000000 628
-1237.000000 629
-1233.000000 630
-1237.000000 631
-1233.000000 632
-1237.000000 633
-1225.000000 634
-1229.000000 635
-1233.000000 636
-1237.000000 637
-1229.000000 638
-1229.000000 639
-1225.000000 640
-1225.000000 641
-1221.000000 642
-1225.000000 643
-1225.000000 644
-1225.000000 645
-1229.000000 646
-1237.000000 647
-1241.000000 648
-1241.000000 649
-1237.000000 650
-1237.000000 651
-1237.000000 652
-1233.000000 653
-1225.000000 654
-1221.000000 655
-1225.000000 656
-1221.000000 657
-1217.000000 658
-1217.000000 659
-1217.000000 660
-1225.000000 661
-1221.000000 662
-1221.000000 663
-1221.000000 664
-1209.000000 665
-1209.000000 666
-1217.000000 667
-1221.000000 668
-1225.000000 669
-1217.000000 670
-1221.000000 671
-1225.000000 672
-1221.000000 673
-1229.000000 674
-1213.000000 675
-1225.000000 676
-1221.000000 677
-1221.000000 678
-1229.000000 679
-1229.000000 680
-1225.000000 681
-1217.000000 682
-1225.000000 683
-1225.000000 684
-1225.000000 685
-1229.000000 686
-1237.000000 687
-1237.000000 688
-1245.000000 689
-1225.000000 690
-1233.000000 691
-1225.000000 692
-1225.000000 693
-1225.000000 694
-1229.000000 695
-1241.000000 696
-1237.000000 697
-1237.000000 698
-1237.000000 699
-1241.000000 700
-1241.000000 701
-1241.000000 702
-1233.000000 703
-1237.000000 704
-1241.000000 705
-1241.000000 706
-1245.000000 707
-1245.000000 708
-1241.000000 709
-1241.000000 710
-1237.000000 711
-1237.000000 712
-1237.000000 713
-1241.000000 714
-1245.000000 715
-1245.000000 716
-1241.000000 717
-1241.000000 718
-1237.000000 719
-1237.000000 720
-1229.000000 721
-1229.000000 722
-1233.000000 723
-1229.000000 724
-1229.000000 725
-1229.000000 726
-1241.000000 727
-1241.000000 728
-1241.000000 729
-1241.000000 730
-1237.000000 731
-1241.000000 732
-1221.000000 733
-1225.000000 734
-1221.000000 735
-1221.000000 736
-1221.000000 737
-1225.000000 738
-1225.000000 739
-1221.000000 740
-1229.000000 741
-1225.000000 742
-1229.000000 743
-1229.000000 744
-1225.000000 745
-1217.000000 746
-1221.000000 747
-1225.000000 748
-1229.000000 749
-1229.000000 750
-1229.000000 751
-1229.000000 752
-1233.000000 753
-1233.000000 754
-1229.000000 755
-1225.000000 756
-1221.000000 757
-1225.000000 758
-1229.000000 759
-1229.000000 760
-1229.000000 761
-1225.000000 762
-1225.000000 763
-1229.000000 764
-1229.000000 765
-1229.000000 766
-1229.000000 767
-1229.000000 768
-1229.000000 769
-1225.000000 770
-1221.000000 771
-1225.000000 772
-1225.000000 773
-1225.000000 774
-1229.000000 775
-1233.000000 776
-1241.000000 777
-1237.000000 778
-1249.000000 779
-1249.000000 780
-1245.000000 781
-1237.000000 782
-1245.000000 783
-1245.000000 784
-1249.000000 785
-1253.000000 786
-1253.000000 787
-1253.000000 788
-1245.000000 789
-1245.000000 790
-1249.000000 791
-1249.000000 792
-1249.000000 793
-1249.000000 794
-1249.000000 795
-1249.000000 796
-1249.000000 797
-1241.000000 798
-1237.000000 799
-1249.000000 800
-1245.000000 801
-1245.000000 802
-1245.000000 803
-1245.000000 804
-1245.000000 805
-1241.000000 806
-1245.000000 807
-1241.000000 808
-1241.000000 809
-1257.000000 810
-1249.000000 811
-1245.000000 812
-1249.000000 813
-1253.000000 814
-1253.000000 815
-1253.000000 816
-1265.000000 817
-1265.000000 818
-1269.000000 819
-1265.000000 820
-1253.000000 821
-1241.000000 822
-1253.000000 823
-1241.000000 824
-1241.000000 825
-1241.000000 826
-1237.000000 827
-1233.000000 828
-1237.000000 829
-1233.000000 830
-1237.000000 831
-1245.000000 832
-1249.000000 833
-1249.000000 834
-1257.000000 835
-1241.000000 836
-1245.000000 837
-1249.000000 838
-1249.000000 839
-1257.000000 840
-1265.000000 841
-1265.000000 842
-1257.000000 843
-1265.000000 844
-1261.000000 845
-1253.000000 846
-1253.000000 847
-1257.000000 848
-1261.000000 849
-1257.000000 850
-1257.000000 851
-1253.000000 852
-1249.000000 853
-1257.000000 854
-1253.000000 855
-1265.000000 856
-1265.000000 857
-1261.000000 858
-1253.000000 859
-1257.000000 860
-1265.000000 861
-1257.000000 862
-1265.000000 863
-1261.000000 864
-1257.000000 865
-1257.000000 866
-1253.000000 867
-1249.000000 868
-1249.000000 869
-1245.000000 870
-1245.000000 871
-1245.000000 872
-1249.000000 873
-1249.000000 874
-1245.000000 875
-1245.000000 876
-1245.000000 877
-1249.000000 878
-1249.000000 879
-1249.000000 880
-1249.000000 881
-1253.000000 882
-1261.000000 883
-1261.000000 884
-1257.000000 885
-1249.000000 886
-1257.000000 887
-1257.000000 888
-1257.000000 889
-1249.000000 890
-1249.000000 891
-1253.000000 892
-1253.000000 893
-1253.000000 894
-1253.000000 895
-1253.000000 896
-1253.000000 897
-1253.000000 898
-1253.000000 899
-1257.000000 900
-1253.000000 901
-1253.000000 902
-1253.000000 903
-1253.000000 904
-1253.000000 905
-1261.000000 906
-1261.000000 907
-1261.000000 908
-1257.000000 909
-1257.000000 910
-1253.000000 911
-1253.000000 912
-1253.000000 913
-1249.000000 914
-1253.000000 915
-1257.000000 916
-1253.000000 917
-1253.000000 918
-1249.000000 919
-1249.000000 920
-1245.000000 921
-1241.000000 922
-1233.000000 923
-1245.000000 924
-1249.000000 925
-1253.000000 926
-1249.000000 927
-1249.000000 928
-1253.000000 929
-1261.000000 930
-1257.000000 931
-1265.000000 932
-1257.000000 933
-1265.000000 934
-1269.000000 935
-1269.000000 936
-1269.000000 937
-1265.000000 938
-1265.000000 939
-1269.000000 940
-1269.000000 941
-1269.000000 942
-1269.000000 943
-1269.000000 944
-1269.000000 945
-1269.000000 946
-1269.000000 947
-1265.000000 948
-1261.000000 949
-1253.000000 950
-1261.000000 951
-1257.000000 952
-1261.000000 953
-1253.000000 954
-1253.000000 955
-1249.000000 956
-1249.000000 957
-1261.000000 958
-1261.000000 959
-1257.000000 960
-1265.000000 961
-1261.000000 962
-1257.000000 963
-1269.000000 964
-1269.000000 965
-1269.000000 966
-1265.000000 967
-1265.000000 968
-1269.000000 969
-1269.000000 970
-1269.000000 971
-1265.000000 972
-1269.000000 973
-1269.000000 974
-1261.000000 975
-1269.000000 976
-1265.000000 977
-1265.000000 978
-1273.000000 979
-1269.000000 980
-1265.000000 981
-1265.000000 982
-1269.000000 983
-1273.000000 984
-1269.000000 985
-1273.000000 986
-1273.000000 987
-1273.000000 988
-1269.000000 989
-1273.000000 990
-1273.000000 991
-1269.000000 992
-1273.000000 993
-1273.000000 994
-1273.000000 995
-1273.000000 996
-1269.000000 997
-1273.000000 998
-1265.000000 999
-1273.000000 1000
-1265.000000 1001
-1261.000000 1002
-1265.000000 1003
-1269.000000 1004
-1261.000000 1005
-1261.000000 1006
-1257.000000 1007
-1257.000000 1008
-1261.000000 1009
-1265.000000 1010
-1269.000000 1011
-1273.000000 1012
-1273.000000 1013
-1261.000000 1014
-1265.000000 1015
-1261.000000 1016
-1269.000000 1017
-1269.000000 1018
-1261.000000 1019
-1269.000000 1020
-1265.000000 1021
-1265.000000 1022
-1253.000000 1023
-1261.000000 1024
-1269.000000 1025
-1265.000000 1026
-1269.000000 1027
-1273.000000 1028
-1265.000000 1029
-1269.000000 1030
-1269.000000 1031
-1269.000000 1032
-1269.000000 1033
-1273.000000 1034
-1269.000000 1035
-1265.000000 1036
-1265.000000 1037
-1265.000000 1038
-1265.000000 1039
-1265.000000 1040
-1265.000000 1041
-1265.000000 1042
-1265.000000 1043
-1257.000000 1044
-1265.000000 1045
-1261.000000 1046
-1249.000000 1047
-1249.000000 1048
-1261.000000 1049
-1269.000000 1050
-1269.000000 1051
-1273.000000 1052
-1273.000000 1053
-1269.000000 1054
-1273.000000 1055
-1273.000000 1056
-1273.000000 1057
-1273.000000 1058
-1285.000000 1059
-1277.000000 1060
-1281.000000 1061
-1281.000000 1062
-1281.000000 1063
-1281.000000 1064
-1281.000000 1065
-1281.000000 1066
-1277.000000 1067
-1281.000000 1068
-1289.000000 1069
-1285.000000 1070
-1285.000000 1071
-1281.000000 1072
-1273.000000 1073
-1265.000000 1074
-1269.000000 1075
-1269.000000 1076
-1285.000000 1077
-1281.000000 1078
-1281.000000 1079
-1277.000000 1080
-1277.000000 1081
-1269.000000 1082
-1269.000000 1083
-1269.000000 1084
-1273.000000 1085
-1273.000000 1086
-1281.000000 1087
-1277.000000 1088
-1273.000000 1089
-1277.000000 1090
-1265.000000 1091
-1261.000000 1092
-1265.000000 1093
-1265.000000 1094
-1265.000000 1095
-1269.000000 1096
-1269.000000 1097
-1261.000000 1098
-1261.000000 1099
-1265.000000 1100
-1261.000000 1101
-1269.000000 1102
-1273.000000 1103
-1273.000000 1104
-1269.000000 1105
-1277.000000 1106
-1281.000000 1107
-1277.000000 1108
-1277.000000 1109
-1273.000000 1110
-1269.000000 1111
-1273.000000 1112
-1277.000000 1113
-1265.000000 1114
-1273.000000 1115
-1269.000000 1116
-1269.000000 1117
-1265.000000 1118
-1265.000000 1119
-1265.000000 1120
-1265.000000 1121
-1257.000000 1122
-1261.000000 1123
-1261.000000 1124
-1261.000000 1125
-1265.000000 1126
-1265.000000 1127
-1265.000000 1128
-1265.000000 1129
-1261.000000 1130
-1261.000000 1131
-1257.000000 1132
-1253.000000 1133
-1257.000000 1134
-1257.000000 1135
-1253.000000 1136
-1253.000000 1137
-1253.000000 1138
-1257.000000 1139
-1253.000000 1140
-1253.000000 1141
-1265.000000 1142
-1261.000000 1143
-1261.000000 1144
-1253.000000 1145
-1245.000000 1146
-1253.000000 1147
-1261.000000 1148
-1257.000000 1149
-1261.000000 1150
-1253.000000 1151
-1261.000000 1152
-1261.000000 1153
-1265.000000 1154
-1249.000000 1155
-1253.000000 1156
-1249.000000 1157
-1253.000000 1158
-1245.000000 1159
-1245.000000 1160
-1241.000000 1161
-1241.000000 1162
-1241.000000 1163
-1241.000000 1164
-1245.000000 1165
-1245.000000 1166
-1253.000000 1167
-1253.000000 1168
-1249.000000 1169
-1249.000000 1170
-1253.000000 1171
-1257.000000 1172
-1265.000000 1173
-1269.000000 1174
-1273.000000 1175
-1269.000000 1176
-1265.000000 1177
-1257.000000 1178
-1261.000000 1179
-1265.000000 1180
-1265.000000 1181
-1265.000000 1182
-1269.000000 1183
-1269.000000 1184
-1269.000000 1185
-1273.000000 1186
-1273.000000 1187
-1269.000000 1188
-1277.000000 1189
-1277.000000 1190
-1277.000000 1191
-1273.000000 1192
-1269.000000 1193
-1269.000000 1194
-1265.000000 1195
-1265.000000 1196
-1253.000000 1197
-1253.000000 1198
-1265.000000 1199
-1261.000000 1200
-1261.000000 1201
-1261.000000 1202
-1257.000000 1203
-1265.000000 1204
-1261.000000 1205
-1265.000000 1206
-1265.000000 1207
-1261.000000 1208
-1273.000000 1209
-1273.000000 1210
-1273.000000 1211
-1273.000000 1212
-1277.000000 1213
-1277.000000 1214
-1277.000000 1215
-1269.000000 1216
-1273.000000 1217
-1277.000000 1218
-1281.000000 1219
-1281.000000 1220
-1281.000000 1221
-1285.000000 1222
-1289.000000 1223
-1289.000000 1224
-1285.000000 1225
-1285.000000 1226
-1285.000000 1227
-1277.000000 1228
-1281.000000 1229
-1277.000000 1230
-1273.000000 1231
-1269.000000 1232
-1273.000000 1233
-1269.000000 1234
-1269.000000 1235
-1261.000000 1236
-1265.000000 1237
-1273.000000 1238
-1273.000000 1239
-1277.000000 1240
-1281.000000 1241
-1277.000000 1242
-1277.000000 1243
-1273.000000 1244
-1273.000000 1245
-1273.000000 1246
-1269.000000 1247
-1269.000000 1248
-1269.000000 1249
-1265.000000 1250
-1269.000000 1251
-1281.000000 1252
-1281.000000 1253
-1281.000000 1254
-1281.000000 1255
-1281.000000 1256
-1281.000000 1257
-1281.000000 1258
-1277.000000 1259
-1281.000000 1260
-1273.000000 1261
-1277.000000 1262
-1277.000000 1263
-1281.000000 1264
-1277.000000 1265
-1289.000000 1266
-1289.000000 1267
-1289.000000 1268
-1285.000000 1269
-1285.000000 1270
-1285.000000 1271
-1285.000000 1272
-1285.000000 1273
-1281.000000 1274
-1285.000000 1275
-1277.000000 1276
-1277.000000 1277
-1281.000000 1278
-1289.000000 1279
-1297.000000 1280
-1297.000000 1281
-1289.000000 1282
-1285.000000 1283
-1289.000000 1284
-1293.000000 1285
-1293.000000 1286
-1297.000000 1287
-1301.000000 1288
-1297.000000 1289
-1297.000000 1290
-1297.000000 1291
-1297.000000 1292
-1297.000000 1293
-1297.000000 1294
-1297.000000 1295
-1301.000000 1296
-1301.000000 1297
-1301.000000 1298
-1297.000000 1299
-1297.000000 1300
-1297.000000 1301
-1301.000000 1302
-1305.000000 1303
-1301.000000 1304
-1301.000000 1305
-1293.000000 1306
-1293.000000 1307
-1297.000000 1308
-1293.000000 1309
-1305.000000 1310
-1305.000000 1311
-1305.000000 1312
-1301.000000 1313
-1297.000000 1314
-1297.000000 1315
-1293.000000 1316
-1293.000000 1317
-1293.000000 1318
-1293.000000 1319
-1297.000000 1320
-1297.000000 1321
-1289.000000 1322
-1289.000000 1323
-1293.000000 1324
-1293.000000 1325
-1293.000000 1326
-1297.000000 1327
-1293.000000 1328
-1301.000000 1329
-1297.000000 1330
-1281.000000 1331
-1285.000000 1332
-1285.000000 1333
-1285.000000 1334
-1285.000000 1335
-1281.000000 1336
-1277.000000 1337
-1285.000000 1338
-1281.000000 1339
-1285.000000 1340
-1289.000000 1341
-1281.000000 1342
-1281.000000 1343
-1285.000000 1344
-1285.000000 1345
-1285.000000 1346
-1285.000000 1347
-1277.000000 1348
-1269.000000 1349
-1277.000000 1350
-1281.000000 1351
-1285.000000 1352
-1289.000000 1353
-1285.000000 1354
-1293.000000 1355
-1293.000000 1356
-1293.000000 1357
-1293.000000 1358
-1281.000000 1359
-1281.000000 1360
-1289.000000 1361
-1289.000000 1362
-1289.000000 1363
-1289.000000 1364
-1289.000000 1365
-1289.000000 1366
-1289.000000 1367
-1289.000000 1368
-1293.000000 1369
-1301.000000 1370
-1297.000000 1371
-1301.000000 1372
-1301.000000 1373
-1301.000000 1374
-1285.000000 1375
-1285.000000 1376
-1285.000000 1377
-1285.000000 1378
-1285.000000 1379
-1289.000000 1380
-1293.000000 1381
-1289.000000 1382
-1289.000000 1383
-1293.000000 1384
-1289.000000 1385
-1289.000000 1386
-1289.000000 1387
-1285.000000 1388
-1281.000000 1389
-1285.000000 1390
-1285.000000 1391
-1277.000000 1392
-1281.000000 1393
-1281.000000 1394
-1289.000000 1395
-1285.000000 1396
-1289.000000 1397
-1289.000000 1398
-1289.000000 1399
-1289.000000 1400
-1289.000000 1401
-1285.000000 1402
-1285.000000 1403
-1285.000000 1404
-1285.000000 1405
-1289.000000 1406
-1285.000000 1407
-1289.000000 1408
-1297.000000 1409
-1293.000000 1410
-1301.000000 1411
-1293.000000 1412
-1297.000000 1413
-1297.000000 1414
-1297.000000 1415
-1297.000000 1416
-1297.000000 1417
-1297.000000 1418
-1297.000000 1419
-1293.000000 1420
-1297.000000 1421
-1293.000000 1422
-1293.000000 1423
-1293.000000 1424
-1293.000000 1425
-1293.000000 1426
-1293.000000 1427
-1293.000000 1428
-1293.000000 1429
-1293.000000 1430
-1293.000000 1431
-1293.000000 1432
-1297.000000 1433
-1293.000000 1434
-1297.000000 1435
-1293.000000 1436
-1289.000000 1437
-1289.000000 1438
-1289.000000 1439
-1289.000000 1440
-1285.000000 1441
-1285.000000 1442
-1285.000000 1443
-1289.000000 1444
-1285.000000 1445
-1289.000000 1446
-1289.000000 1447
-1289.000000 1448
-1293.000000 1449
-1285.000000 1450
-1289.000000 1451
-1289.000000 1452
-1297.000000 1453
-1293.000000 1454
-1297.000000 1455
-1297.000000 1456
-1297.000000 1457
-1301.000000 1458
-1297.000000 1459
-1293.000000 1460
-1285.000000 1461
-1289.000000 1462
-1289.000000 1463
-1293.000000 1464
-1285.000000 1465
-1289.000000 1466
-1285.000000 1467
-1285.000000 1468
-1285.000000 1469
-1285.000000 1470
-1285.000000 1471
-1285.000000 1472
-1281.000000 1473
-1281.000000 1474
-1281.000000 1475
-1285.000000 1476
-1285.000000 1477
-1273.000000 1478
-1277.000000 1479
-1277.000000 1480
-1285.000000 1481
-1285.000000 1482
-1285.000000 1483
-1281.000000 1484
-1281.000000 1485
-1289.000000 1486
-1289.000000 1487
-1293.000000 1488
-1293.000000 1489
-1293.000000 1490
-1293.000000 1491
-1297.000000 1492
-1297.000000 1493
-1297.000000 1494
-1297.000000 1495
-1293.000000 1496
-1297.000000 1497
-1301.000000 1498
-1301.000000 1499
-1301.000000 1500
-1301.000000 1501
-1301.000000 1502
-1301.000000 1503
-1297.000000 1504
-1301.000000 1505
-1301.000000 1506
-1301.000000 1507
-1293.000000 1508
-1293.000000 1509
-1293.000000 1510
-1289.000000 1511
-1285.000000 1512
-1281.000000 1513
-1277.000000 1514
-1281.000000 1515
-1285.000000 1516
-1293.000000 1517
-1297.000000 1518
-1293.000000 1519
-1293.000000 1520
-1293.000000 1521
-1293.000000 1522
-1293.000000 1523
-1289.000000 1524
-1285.000000 1525
-1281.000000 1526
-1281.000000 1527
-1277.000000 1528
-1277.000000 1529
-1289.000000 1530
-1289.000000 1531
-1285.000000 1532
-1273.000000 1533
-1273.000000 1534
-1277.000000 1535
-1273.000000 1536
-1277.000000 1537
-1277.000000 1538
-1281.000000 1539
-1285.000000 1540
-1285.000000 1541
-1277.000000 1542
-1269.000000 1543
-1277.000000 1544
-1281.000000 1545
-1289.000000 1546
-1277.000000 1547
-1281.000000 1548
-1277.000000 1549
-1277.000000 1550
-1277.000000 1551
-1277.000000 1552
-1285.000000 1553
-1289.000000 1554
-1281.000000 1555
-1281.000000 1556
-1285.000000 1557
-1285.000000 1558
-1289.000000 1559
-1293.000000 1560
-1289.000000 1561
-1285.000000 1562
-1289.000000 1563
-1285.000000 1564
-1285.000000 1565
-1285.000000 1566
-1293.000000 1567
-1289.000000 1568
-1293.000000 1569
-1293.000000 1570
-1285.000000 1571
-1293.000000 1572
-1289.000000 1573
-1285.000000 1574
-1289.000000 1575
-1289.000000 1576
-1289.000000 1577
-1293.000000 1578
-1289.000000 1579
-1289.000000 1580
-1285.000000 1581
-1285.000000 1582
-1289.000000 1583
-1293.000000 1584
-1293.000000 1585
-1297.000000 1586
-1297.000000 1587
-1293.000000 1588
-1293.000000 1589
-1285.000000 1590
-1281.000000 1591
-1281.000000 1592
-1289.000000 1593
-1293.000000 1594
-1289.000000 1595
-1297.000000 1596
-1297.000000 1597
-1297.000000 1598
-1297.000000 1599
-1293.000000 1600
-1293.000000 1601
-1297.000000 1602
-1293.000000 1603
-1297.000000 1604
-1293.000000 1605
-1297.000000 1606
-1293.000000 1607
-1301.000000 1608
-1305.000000 1609
-1297.000000 1610
-1293.000000 1611
-1297.000000 1612
-1297.000000 1613
-1301.000000 1614
-1305.000000 1615
-1309.000000 1616
-1309.000000 1617
-1309.000000 1618
-1305.000000 1619
-1309.000000 1620
-1309.000000 1621
-1309.000000 1622
-1309.000000 1623
-1305.000000 1624
-1305.000000 1625
-1305.000000 1626
-1305.000000 1627
-1305.000000 1628
-1301.000000 1629
-1301.000000 1630
-1301.000000 1631
-1301.000000 1632
-1301.000000 1633
-1297.000000 1634
-1297.000000 1635
-1301.000000 1636
-1301.000000 1637
-1301.000000 1638
-1297.000000 1639
-1297.000000 1640
-1293.000000 1641
-1285.000000 1642
-1281.000000 1643
-1285.000000 1644
-1297.000000 1645
-1305.000000 1646
-1305.000000 1647
-1309.000000 1648
-1305.000000 1649
-1309.000000 1650
-1305.000000 1651
-1297.000000 1652
-1305.000000 1653
-1309.000000 1654
-1309.000000 1655
-1313.000000 1656
-1305.000000 1657
-1309.000000 1658
-1305.000000 1659
-1297.000000 1660
-1293.000000 1661
-1285.000000 1662
-1293.000000 1663
-1293.000000 1664
-1297.000000 1665
-1313.000000 1666
-1305.000000 1667
-1305.000000 1668
-1305.000000 1669
-1305.000000 1670
-1301.000000 1671
-1293.000000 1672
-1289.000000 1673
-1293.000000 1674
-1297.000000 1675
-1297.000000 1676
-1293.000000 1677
-1293.000000 1678
-1293.000000 1679
-1289.000000 1680
-1301.000000 1681
-1301.000000 1682
-1297.000000 1683
-1297.000000 1684
-1289.000000 1685
-1293.000000 1686
-1297.000000 1687
-1293.000000 1688
-1289.000000 1689
-1289.000000 1690
-1289.000000 1691
-1289.000000 1692
-1285.000000 1693
-1281.000000 1694
-1285.000000 1695
-1285.000000 1696
-1285.000000 1697
-1281.000000 1698
-1285.000000 1699
-1293.000000 1700
-1293.000000 1701
-1297.000000 1702
-1297.000000 1703
-1293.000000 1704
-1305.000000 1705
-1301.000000 1706
-1297.000000 1707
-1301.000000 1708
-1301.000000 1709
-1305.000000 1710
-1297.000000 1711
-1301.000000 1712
-1305.000000 1713
-1309.000000 1714
-1305.000000 1715
-1301.000000 1716
-1297.000000 1717
-1293.000000 1718
-1301.000000 1719
-1297.000000 1720
-1301.000000 1721
-1301.000000 1722
-1309.000000 1723
-1305.000000 1724
-1305.000000 1725
-1309.000000 1726
-1301.000000 1727
-1301.000000 1728
-1309.000000 1729
-1313.000000 1730
-1309.000000 1731
-1309.000000 1732
-1309.000000 1733
-1305.000000 1734
-1313.000000 1735
-1309.000000 1736
-1301.000000 1737
-1305.000000 1738
-1301.000000 1739
-1301.000000 1740
-1301.000000 1741
-1305.000000 1742
-1301.000000 1743
-1297.000000 1744
-1301.000000 1745
-1305.000000 1746
-1309.000000 1747
-1305.000000 1748
-1305.000000 1749
-1305.000000 1750
-1301.000000 1751
-1301.000000 1752
-1305.000000 1753
-1305.000000 1754
-1297.000000 1755
-1293.000000 1756
-1297.000000 1757
-1285.000000 1758
-1297.000000 1759
-1297.000000 1760
-1301.000000 1761
-1301.000000 1762
-1301.000000 1763
-1293.000000 1764
-1289.000000 1765
-1293.000000 1766
-1301.000000 1767
-1305.000000 1768
-1309.000000 1769
-1305.000000 1770
-1305.000000 1771
-1305.000000 1772
-1305.000000 1773
-1305.000000 1774
-1305.000000 1775
-1305.000000 1776
-1301.000000 1777
-1305.000000 1778
-1305.000000 1779
-1301.000000 1780
-1301.000000 1781
-1301.000000 1782
-1305.000000 1783
-1301.000000 1784
-1293.000000 1785
-1289.000000 1786
-1293.000000 1787
-1297.000000 1788
-1301.000000 1789
-1297.000000 1790
-1293.000000 1791
-1297.000000 1792
-1305.000000 1793
-1305.000000 1794
-1301.000000 1795
-1305.000000 1796
-1301.000000 1797
-1305.000000 1798
-1305.000000 1799
-1297.000000 1800
-1301.000000 1801
-1301.000000 1802
-1297.000000 1803
-1305.000000 1804
-1305.000000 1805
-1305.000000 1806
-1305.000000 1807
-1305.000000 1808
-1305.000000 1809
-1305.000000 1810
-1297.000000 1811
-1305.000000 1812
-1305.000000 1813
-1305.000000 1814
-1301.000000 1815
-1293.000000 1816
-1297.000000 1817
-1297.000000 1818
-1289.000000 1819
-1289.000000 1820
-1289.000000 1821
-1285.000000 1822
-1285.000000 1823
-1293.000000 1824
-1289.000000 1825
-1293.000000 1826
-1297.000000 1827
-1285.000000 1828
-1281.000000 1829
-1289.000000 1830
-1289.000000 1831
-1293.000000 1832
-1285.000000 1833
-1285.000000 1834
-1285.000000 1835
-1293.000000 1836
-1293.000000 1837
-1289.000000 1838
-1297.000000 1839
-1297.000000 1840
-1289.000000 1841
-1297.000000 1842
-1301.000000 1843
-1305.000000 1844
-1305.000000 1845
-1309.000000 1846
-1305.000000 1847
-1301.000000 1848
-1313.000000 1849
-1313.000000 1850
-1317.000000 1851
-1317.000000 1852
-1321.000000 1853
-1321.000000 1854
-1321.000000 1855
-1321.000000 1856
-1317.000000 1857
-1309.000000 1858
-1317.000000 1859
-1313.000000 1860
-1313.000000 1861
-1305.000000 1862
-1309.000000 1863
-1305.000000 1864
-1301.000000 1865
-1297.000000 1866
-1301.000000 1867
-1301.000000 1868
-1301.000000 1869
-1317.000000 1870
-1317.000000 1871
-1313.000000 1872
-1313.000000 1873
-1309.000000 1874
-1309.000000 1875
-1309.000000 1876
-1313.000000 1877
-1313.000000 1878
-1313.000000 1879
-1321.000000 1880
-1317.000000 1881
-1317.000000 1882
-1313.000000 1883
-1309.000000 1884
-1313.000000 1885
-1313.000000 1886
-1313.000000 1887
-1313.000000 1888
-1313.000000 1889
-1301.000000 1890
-1305.000000 1891
-1297.000000 1892
-1305.000000 1893
-1313.000000 1894
-1317.000000 1895
-1313.000000 1896
-1313.000000 1897
-1313.000000 1898
-1313.000000 1899
-1317.000000 1900
-1317.000000 1901
-1321.000000 1902
-1317.000000 1903
-1321.000000 1904
-1325.000000 1905
-1329.000000 1906
-1325.000000 1907
-1325.000000 1908
-1321.000000 1909
-1305.000000 1910
-1309.000000 1911
-1309.000000 1912
-1313.000000 1913
-1313.000000 1914
-1313.000000 1915
-1305.000000 1916
-1305.000000 1917
-1305.000000 1918
-1305.000000 1919
-1301.000000 1920
-1301.000000 1921
-1305.000000 1922
-1301.000000 1923
-1309.000000 1924
-1309.000000 1925
-1309.000000 1926
-1305.000000 1927
-1297.000000 1928
-1309.000000 1929
-1309.000000 1930
-1313.000000 1931
-1313.000000 1932
-1313.000000 1933
-1309.000000 1934
-1313.000000 1935
-1317.000000 1936
-1321.000000 1937
-1317.000000 1938
-1317.000000 1939
-1313.000000 1940
-1309.000000 1941
-1305.000000 1942
-1317.000000 1943
-1317.000000 1944
-1317.000000 1945
-1317.000000 1946
-1329.000000 1947
-1325.000000 1948
-1317.000000 1949
-1313.000000 1950
-1313.000000 1951
-1317.000000 1952
-1317.000000 1953
-1309.000000 1954
-1313.000000 1955
-1313.000000 1956
-1309.000000 1957
-1305.000000 1958
-1305.000000 1959
-1305.000000 1960
-1305.000000 1961
-1305.000000 1962
-1309.000000 1963
-1317.000000 1964
-1313.000000 1965
-1313.000000 1966
-1313.000000 1967
-1317.000000 1968
-1317.000000 1969
-1313.000000 1970
-1317.000000 1971
-1321.000000 1972
-1329.000000 1973
-1325.000000 1974
-1321.000000 1975
-1325.000000 1976
-1325.000000 1977
-1313.000000 1978
-1313.000000 1979
-1313.000000 1980
-1317.000000 1981
-1317.000000 1982
-1313.000000 1983
-1309.000000 1984
-1309.000000 1985
-1305.000000 1986
-1305.000000 1987
-1313.000000 1988
-1309.000000 1989
-1309.000000 1990
-1317.000000 1991
-1321.000000 1992
-1313.000000 1993
-1317.000000 1994
-1325.000000 1995
-1321.000000 1996
-1317.000000 1997
-1321.000000 1998
-1317.000000 1999
-1317.000000 2000
-1313.000000 2001
-1317.000000 2002
-1321.000000 2003
-1317.000000 2004
-1317.000000 2005
-1321.000000 2006
-1325.000000 2007
-1325.000000 2008
-1325.000000 2009
-1329.000000 2010
-1333.000000 2011
-1333.000000 2012
-1333.000000 2013
-1333.000000 2014
-1333.000000 2015
-1329.000000 2016
-1325.000000 2017
-1325.000000 2018
-1325.000000 2019
-1329.000000 2020
-1329.000000 2021
-1329.000000 2022
-1329.000000 2023
-1329.000000 2024
-1329.000000 2025
-1321.000000 2026
-1325.000000 2027
-1325.000000 2028
-1321.000000 2029
-1325.000000 2030
-1317.000000 2031
-1325.000000 2032
-1325.000000 2033
-1325.000000 2034
-1325.000000 2035
-1329.000000 2036
-1333.000000 2037
-1333.000000 2038
-1333.000000 2039
-1329.000000 2040
-1333.000000 2041
-1333.000000 2042
-1333.000000 2043
-1333.000000 2044
-1329.000000 2045
-1333.000000 2046
-1333.000000 2047
-1333.000000 2048
-1321.000000 2049
-1321.000000 2050
-1325.000000 2051
-1325.000000 2052
-1329.000000 2053
-1325.000000 2054
-1329.000000 2055
-1329.000000 2056
-1325.000000 2057
-1333.000000 2058
-1329.000000 2059
-1337.000000 2060
-1337.000000 2061
-1333.000000 2062
-1329.000000 2063
-1329.000000 2064
-1325.000000 2065
-1325.000000 2066
-1325.000000 2067
-1329.000000 2068
-1333.000000 2069
-1333.000000 2070
-1333.000000 2071
-1333.000000 2072
-1333.000000 2073
-1333.000000 2074
-1333.000000 2075
-1333.000000 2076
-1333.000000 2077
-1333.000000 2078
-1333.000000 2079
-1333.000000 2080
-1333.000000 2081
-1325.000000 2082
-1325.000000 2083
-1325.000000 2084
-1325.000000 2085
-1325.000000 2086
-1329.000000 2087
-1329.000000 2088
-1325.000000 2089
-1325.000000 2090
-1325.000000 2091
-1321.000000 2092
-1325.000000 2093
-1325.000000 2094
-1325.000000 2095
-1317.000000 2096
-1317.000000 2097
-1321.000000 2098
-1317.000000 2099
-1321.000000 2100
-1321.000000 2101
-1325.000000 2102
-1329.000000 2103
-1329.000000 2104
-1325.000000 2105
-1325.000000 2106
-1325.000000 2107
-1325.000000 2108
-1325.000000 2109
-1325.000000 2110
-1325.000000 2111
-1325.000000 2112
-1325.000000 2113
-1325.000000 2114
-1317.000000 2115
-1321.000000 2116
-1325.000000 2117
-1329.000000 2118
-1325.000000 2119
-1329.000000 2120
-1329.000000 2121
-1329.000000 2122
-1329.000000 2123
-1329.000000 2124
-1325.000000 2125
-1321.000000 2126
-1321.000000 2127
-1321.000000 2128
-1321.000000 2129
-1321.000000 2130
-1325.000000 2131
-1325.000000 2132
-1325.000000 2133
-1329.000000 2134
-1333.000000 2135
-1333.000000 2136
-1333.000000 2137
-1325.000000 2138
-1321.000000 2139
-1321.000000 2140
-1321.000000 2141
-1329.000000 2142
-1317.000000 2143
-1333.000000 2144
-1333.000000 2145
-1333.000000 2146
-1333.000000 2147
-1333.000000 2148
-1333.000000 2149
-1333.000000 2150
-1333.000000 2151
-1329.000000 2152
-1333.000000 2153
-1329.000000 2154
-1333.000000 2155
-1333.000000 2156
-1337.000000 2157
-1337.000000 2158
-1337.000000 2159
-1333.000000 2160
-1337.000000 2161
-1337.000000 2162
-1333.000000 2163
-1325.000000 2164
-1333.000000 2165
-1329.000000 2166
-1329.000000 2167
-1337.000000 2168
-1337.000000 2169
-1337.000000 2170
-1329.000000 2171
-1329.000000 2172
-1329.000000 2173
-1321.000000 2174
-1325.000000 2175
-1321.000000 2176
-1329.000000 2177
-1325.000000 2178
-1325.000000 2179
-1325.000000 2180
-1325.000000 2181
-1325.000000 2182
-1325.000000 2183
-1325.000000 2184
-1325.000000 2185
-1321.000000 2186
-1329.000000 2187
-1325.000000 2188
-1329.000000 2189
-1329.000000 2190
-1333.000000 2191
-1333.000000 2192
-1329.000000 2193
-1329.000000 2194
-1329.000000 2195
-1329.000000 2196
-1325.000000 2197
-1325.000000 2198
-1325.000000 2199
-1321.000000 2200
-1329.000000 2201
-1313.000000 2202
-1317.000000 2203
-1309.000000 2204
-1313.000000 2205
-1313.000000 2206
-1305.000000 2207
-1309.000000 2208
-1309.000000 2209
-1309.000000 2210
-1309.000000 2211
-1321.000000 2212
-1325.000000 2213
-1329.000000 2214
-1329.000000 2215
-1325.000000 2216
-1325.000000 2217
-1325.000000 2218
-1329.000000 2219
-1329.000000 2220
-1333.000000 2221
-1333.000000 2222
-1329.000000 2223
-1333.000000 2224
-1333.000000 2225
-1337.000000 2226
-1337.000000 2227
-1337.000000 2228
-1333.000000 2229
-1333.000000 2230
-1329.000000 2231
-1329.000000 2232
-1329.000000 2233
-1329.000000 2234
-1329.000000 2235
-1321.000000 2236
-1325.000000 2237
-1325.000000 2238
-1329.000000 2239
-1325.000000 2240
-1329.000000 2241
-1325.000000 2242
-1329.000000 2243
-1329.000000 2244
-1341.000000 2245
-1337.000000 2246
-1337.000000 2247
-1341.000000 2248
-1341.000000 2249
-1341.000000 2250
-1341.000000 2251
-1341.000000 2252
-1341.000000 2253
-1341.000000 2254
-1341.000000 2255
-1341.000000 2256
-1337.000000 2257
-1333.000000 2258
-1341.000000 2259
-1341.000000 2260
-1341.000000 2261
-1337.000000 2262
-1337.000000 2263
-1337.000000 2264
-1337.000000 2265
-1337.000000 2266
-1333.000000 2267
-1333.000000 2268
-1325.000000 2269
-1329.000000 2270
-1329.000000 2271
-1333.000000 2272
-1337.000000 2273
-1337.000000 2274
-1333.000000 2275
-1341.000000 2276
-1341.000000 2277
-1345.000000 2278
-1341.000000 2279
-1341.000000 2280
-1345.000000 2281
-1341.000000 2282
-1337.000000 2283
-1333.000000 2284
-1333.000000 2285
-1345.000000 2286
-1345.000000 2287
-1345.000000 2288
-1337.000000 2289
-1333.000000 2290
-1329.000000 2291
-1341.000000 2292
-1341.000000 2293
-1341.000000 2294
-1345.000000 2295
-1345.000000 2296
-1345.000000 2297
-1341.000000 2298
-1341.000000 2299
-1337.000000 2300
-1333.000000 2301
-1329.000000 2302
-1337.000000 2303
-1337.000000 2304
-1345.000000 2305
-1341.000000 2306
-1341.000000 2307
-1341.000000 2308
-1341.000000 2309
-1337.000000 2310
-1329.000000 2311
-1333.000000 2312
-1341.000000 2313
-1345.000000 2314
-1341.000000 2315
-1349.000000 2316
-1349.000000 2317
-1345.000000 2318
-1349.000000 2319
-1345.000000 2320
-1341.000000 2321
-1337.000000 2322
-1333.000000 2323
-1333.000000 2324
-1337.000000 2325
-1345.000000 2326
-1345.000000 2327
-1345.000000 2328
-1345.000000 2329
-1345.000000 2330
-1345.000000 2331
-1345.000000 2332
-1345.000000 2333
-1345.000000 2334
-1345.000000 2335
-1345.000000 2336
-1345.000000 2337
-1345.000000 2338
-1345.000000 2339
-1341.000000 2340
-1341.000000 2341
-1341.000000 2342
-1345.000000 2343
-1349.000000 2344
-1345.000000 2345
-1341.000000 2346
-1345.000000 2347
-1341.000000 2348
-1341.000000 2349
-1341.000000 2350
-1337.000000 2351
-1341.000000 2352
-1349.000000 2353
-1345.000000 2354
-1345.000000 2355
-1345.000000 2356
-1345.000000 2357
-1345.000000 2358
-1337.000000 2359
-1341.000000 2360
-1341.000000 2361
-1341.000000 2362
-1341.000000 2363
-1333.000000 2364
-1325.000000 2365
-1329.000000 2366
-1329.000000 2367
-1333.000000 2368
-1329.000000 2369
-1317.000000 2370
-1321.000000 2371
-1321.000000 2372
-1329.000000 2373
-1329.000000 2374
-1329.000000 2375
-1329.000000 2376
-1329.000000 2377
-1317.000000 2378
-1317.000000 2379
-1317.000000 2380
-1321.000000 2381
-1317.000000 2382
-1309.000000 2383
-1309.000000 2384
-1313.000000 2385
-1313.000000 2386
-1309.000000 2387
-1309.000000 2388
-1309.000000 2389
-1309.000000 2390
-1309.000000 2391
-1317.000000 2392
-1321.000000 2393
-1321.000000 2394
-1321.000000 2395
-1325.000000 2396
-1325.000000 2397
-1325.000000 2398
-1325.000000 2399
-1329.000000 2400
-1329.000000 2401
-1333.000000 2402
-1333.000000 2403
-1333.000000 2404
-1333.000000 2405
-1337.000000 2406
-1337.000000 2407
-1333.000000 2408
-1337.000000 2409
-1337.000000 2410
-1337.000000 2411
-1337.000000 2412
-1337.000000 2413
-1337.000000 2414
-1333.000000 2415
-1341.000000 2416
-1341.000000 2417
-1337.000000 2418
-1333.000000 2419
-1333.000000 2420
-1337.000000 2421
-1337.000000 2422
-1337.000000 2423
-1341.000000 2424
-1341.000000 2425
-1341.000000 2426
-1341.000000 2427
-1337.000000 2428
-1341.000000 2429
-1341.000000 2430
-1337.000000 2431
-1337.000000 2432
-1333.000000 2433
-1337.000000 2434
-1337.000000 2435
-1333.000000 2436
-1333.000000 2437
-1333.000000 2438
-1337.000000 2439
-1337.000000 2440
-1337.000000 2441
-1329.000000 2442
-1333.000000 2443
-1321.000000 2444
-1313.000000 2445
-1317.000000 2446
-1321.000000 2447
-1317.000000 2448
-1317.000000 2449
-1325.000000 2450
-1325.000000 2451
-1337.000000 2452
-1333.000000 2453
-1337.000000 2454
-1337.000000 2455
-1333.000000 2456
-1337.000000 2457
-1333.000000 2458
-1329.000000 2459
-1325.000000 2460
-1329.000000 2461
-1329.000000 2462
-1337.000000 2463
-1337.000000 2464
-1337.000000 2465
-1333.000000 2466
-1325.000000 2467
-1321.000000 2468
-1325.000000 2469
-1325.000000 2470
-1325.000000 2471
-1309.000000 2472
-1301.000000 2473
-1309.000000 2474
-1313.000000 2475
-1305.000000 2476
-1305.000000 2477
-1309.000000 2478
-1313.000000 2479
-1309.000000 2480
-1321.000000 2481
-1325.000000 2482
-1321.000000 2483
-1325.000000 2484
-1329.000000 2485
-1329.000000 2486
-1333.000000 2487
-1333.000000 2488
-1333.000000 2489
-1333.000000 2490
-1337.000000 2491
-1337.000000 2492
-1333.000000 2493
-1333.000000 2494
-1333.000000 2495
-1333.000000 2496
-1333.000000 2497
-1329.000000 2498
-1333.000000 2499
-1333.000000 2500
-1329.000000 2501
-1333.000000 2502
-1337.000000 2503
-1333.000000 2504
-1333.000000 2505
-1329.000000 2506
-1329.000000 2507
-1325.000000 2508
-1325.000000 2509
-1321.000000 2510
-1309.000000 2511
-1313.000000 2512
-1317.000000 2513
-1321.000000 2514
-1317.000000 2515
-1325.000000 2516
-1325.000000 2517
-1333.000000 2518
-1337.000000 2519
-1329.000000 2520
-1341.000000 2521
-1341.000000 2522
-1341.000000 2523
-1337.000000 2524
-1333.000000 2525
-1333.000000 2526
-1333.000000 2527
-1337.000000 2528
-1337.000000 2529
-1337.000000 2530
-1333.000000 2531
-1333.000000 2532
-1329.000000 2533
-1337.000000 2534
-1333.000000 2535
-1337.000000 2536
-1341.000000 2537
-1333.000000 2538
-1337.000000 2539
-1337.000000 2540
-1341.000000 2541
-1341.000000 2542
-1341.000000 2543
-1341.000000 2544
-1341.000000 2545
-1345.000000 2546
-1337.000000 2547
-1337.000000 2548
-1333.000000 2549
-1341.000000 2550
-1341.000000 2551
-1341.000000 2552
-1341.000000 2553
-1337.000000 2554
-1337.000000 2555
-1345.000000 2556
-1345.000000 2557
-1337.000000 2558
-1341.000000 2559
-1333.000000 2560
-1337.000000 2561
-1341.000000 2562
-1341.000000 2563
-1345.000000 2564
-1333.000000 2565
-1329.000000 2566
-1325.000000 2567
-1337.000000 2568
-1337.000000 2569
-1341.000000 2570
-1345.000000 2571
-1349.000000 2572
-1345.000000 2573
-1345.000000 2574
-1345.000000 2575
-1341.000000 2576
-1337.000000 2577
-1337.000000 2578
-1329.000000 2579
-1337.000000 2580
-1341.000000 2581
-1337.000000 2582
-1337.000000 2583
-1337.000000 2584
-1337.000000 2585
-1337.000000 2586
-1341.000000 2587
-1341.000000 2588
-1345.000000 2589
-1345.000000 2590
-1345.000000 2591
-1345.000000 2592
-1345.000000 2593
-1341.000000 2594
-1337.000000 2595
-1333.000000 2596
-1337.000000 2597
-1341.000000 2598
-1341.000000 2599
-1337.000000 2600
-1333.000000 2601
-1329.000000 2602
-1329.000000 2603
-1333.000000 2604
-1337.000000 2605
-1337.000000 2606
-1337.000000 2607
-1337.000000 2608
-1337.000000 2609
-1337.000000 2610
-1333.000000 2611
-1333.000000 2612
-1333.000000 2613
-1337.000000 2614
-1333.000000 2615
-1341.000000 2616
-1333.000000 2617
-1337.000000 2618
-1341.000000 2619
-1337.000000 2620
-1341.000000 2621
-1341.000000 2622
-1345.000000 2623
-1341.000000 2624
-1341.000000 2625
-1341.000000 2626
-1337.000000 2627
-1341.000000 2628
-1341.000000 2629
-1341.000000 2630
-1341.000000 2631
-1341.000000 2632
-1341.000000 2633
-1337.000000 2634
-1333.000000 2635
-1341.000000 2636
-1341.000000 2637
-1345.000000 2638
-1345.000000 2639
-1337.000000 2640
-1329.000000 2641
-1341.000000 2642
-1337.000000 2643
-1341.000000 2644
-1337.000000 2645
-1337.000000 2646
-1333.000000 2647
-1333.000000 2648
-1337.000000 2649
-1341.000000 2650
-1329.000000 2651
-1337.000000 2652
-1337.000000 2653
-1341.000000 2654
-1345.000000 2655
-1345.000000 2656
-1345.000000 2657
-1341.000000 2658
-1337.000000 2659
-1337.000000 2660
-1333.000000 2661
-1333.000000 2662
-1337.000000 2663
-1333.000000 2664
-1329.000000 2665
-1329.000000 2666
-1329.000000 2667
-1329.000000 2668
-1329.000000 2669
-1337.000000 2670
-1341.000000 2671
-1341.000000 2672
-1337.000000 2673
-1341.000000 2674
-1345.000000 2675
-1345.000000 2676
-1349.000000 2677
-1337.000000 2678
-1337.000000 2679
-1341.000000 2680
-1345.000000 2681
-1345.000000 2682
-1345.000000 2683
-1345.000000 2684
-1345.000000 2685
-1353.000000 2686
-1353.000000 2687
-1353.000000 2688
-1345.000000 2689
-1345.000000 2690
-1345.000000 2691
-1345.000000 2692
-1341.000000 2693
-1345.000000 2694
-1349.000000 2695
-1349.000000 2696
-1349.000000 2697
-1353.000000 2698
-1349.000000 2699
-1353.000000 2700
-1345.000000 2701
-1349.000000 2702
-1353.000000 2703
-1353.000000 2704
-1353.000000 2705
-1349.000000 2706
-1345.000000 2707
-1349.000000 2708
-1341.000000 2709
-1333.000000 2710
-1341.000000 2711
-1345.000000 2712
-1349.000000 2713
-1353.000000 2714
-1353.000000 2715
-1357.000000 2716
-1357.000000 2717
-1357.000000 2718
-1357.000000 2719
-1353.000000 2720
-1349.000000 2721
-1349.000000 2722
-1341.000000 2723
-1345.000000 2724
-1345.000000 2725
-1345.000000 2726
-1341.000000 2727
-1341.000000 2728
-1341.000000 2729
-1341.000000 2730
-1345.000000 2731
-1349.000000 2732
-1353.000000 2733
-1353.000000 2734
-1353.000000 2735
-1353.000000 2736
-1353.000000 2737
-1353.000000 2738
-1353.000000 2739
-1353.000000 2740
-1353.000000 2741
-1345.000000 2742
-1345.000000 2743
-1345.000000 2744
-1341.000000 2745
-1345.000000 2746
-1349.000000 2747
-1345.000000 2748
-1349.000000 2749
-1349.000000 2750
-1345.000000 2751
-1349.000000 2752
-1349.000000 2753
-1349.000000 2754
-1345.000000 2755
-1345.000000 2756
-1345.000000 2757
-1349.000000 2758
-1349.000000 2759
-1349.000000 2760
-1353.000000 2761
-1353.000000 2762
-1349.000000 2763
-1341.000000 2764
-1337.000000 2765
-1345.000000 2766
-1345.000000 2767
-1349.000000 2768
-1357.000000 2769
-1357.000000 2770
-1357.000000 2771
-1357.000000 2772
-1353.000000 2773
-1353.000000 2774
-1349.000000 2775
-1345.000000 2776
-1349.000000 2777
-1349.000000 2778
-1345.000000 2779
-1349.000000 2780
-1349.000000 2781
-1345.000000 2782
-1341.000000 2783
-1341.000000 2784
-1337.000000 2785
-1353.000000 2786
-1345.000000 2787
-1357.000000 2788
-1357.000000 2789
-1357.000000 2790
-1357.000000 2791
-1357.000000 2792
-1357.000000 2793
-1357.000000 2794
-1353.000000 2795
-1349.000000 2796
-1353.000000 2797
-1353.000000 2798
-1353.000000 2799
-1353.000000 2800
-1353.000000 2801
-1349.000000 2802
-1353.000000 2803
-1353.000000 2804
-1353.000000 2805
-1353.000000 2806
-1357.000000 2807
-1353.000000 2808
-1353.000000 2809
-1353.000000 2810
-1349.000000 2811
-1349.000000 2812
-1349.000000 2813
-1353.000000 2814
-1345.000000 2815
-1349.000000 2816
-1349.000000 2817
-1345.000000 2818
-1349.000000 2819
-1349.000000 2820
-1349.000000 2821
-1353.000000 2822
-1349.000000 2823
-1349.000000 2824
-1349.000000 2825
-1353.000000 2826
-1353.000000 2827
-1357.000000 2828
-1361.000000 2829
-1357.000000 2830
-1357.000000 2831
-1357.000000 2832
-1353.000000 2833
-1353.000000 2834
-1353.000000 2835
-1357.000000 2836
-1353.000000 2837
-1349.000000 2838
-1361.000000 2839
-1357.000000 2840
-1353.000000 2841
-1349.000000 2842
-1349.000000 2843
-1349.000000 2844
-1353.000000 2845
-1353.000000 2846
-1353.000000 2847
-1353.000000 2848
-1357.000000 2849
-1357.000000 2850
-1353.000000 2851
-1357.000000 2852
-1361.000000 2853
-1361.000000 2854
-1365.000000 2855
-1365.000000 2856
-1361.000000 2857
-1361.000000 2858
-1365.000000 2859
-1365.000000 2860
-1369.000000 2861
-1365.000000 2862
-1361.000000 2863
-1353.000000 2864
-1361.000000 2865
-1361.000000 2866
-1357.000000 2867
-1357.000000 2868
-1361.000000 2869
-1361.000000 2870
-1361.000000 2871
-1353.000000 2872
-1349.000000 2873
-1349.000000 2874
-1349.000000 2875
-1353.000000 2876
-1345.000000 2877
-1357.000000 2878
-1361.000000 2879
-1361.000000 2880
-1361.000000 2881
-1361.000000 2882
-1361.000000 2883
-1361.000000 2884
-1361.000000 2885
-1361.000000 2886
-1357.000000 2887
-1357.000000 2888
-1357.000000 2889
-1353.000000 2890
-1349.000000 2891
-1349.000000 2892
-1349.000000 2893
-1349.000000 2894
-1349.000000 2895
-1349.000000 2896
-1337.000000 2897
-1341.000000 2898
-1337.000000 2899
-1345.000000 2900
-1349.000000 2901
-1345.000000 2902
-1341.000000 2903
-1341.000000 2904
-1337.000000 2905
-1341.000000 2906
-1341.000000 2907
-1341.000000 2908
-1341.000000 2909
-1341.000000 2910
-1337.000000 2911
-1341.000000 2912
-1345.000000 2913
-1345.000000 2914
-1337.000000 2915
-1341.000000 2916
-1337.000000 2917
-1337.000000 2918
-1337.000000 2919
-1341.000000 2920
-1345.000000 2921
-1349.000000 2922
-1349.000000 2923
-1341.000000 2924
-1341.000000 2925
-1337.000000 2926
-1337.000000 2927
-1337.000000 2928
-1341.000000 2929
-1341.000000 2930
-1341.000000 2931
-1341.000000 2932
-1333.000000 2933
-1341.000000 2934
-1337.000000 2935
-1337.000000 2936
-1345.000000 2937
-1341.000000 2938
-1345.000000 2939
-1349.000000 2940
-1345.000000 2941
-1345.000000 2942
-1345.000000 2943
-1345.000000 2944
-1341.000000 2945
-1333.000000 2946
-1337.000000 2947
-1337.000000 2948
-1341.000000 2949
-1337.000000 2950
-1341.000000 2951
-1341.000000 2952
-1337.000000 2953
-1325.000000 2954
-1333.000000 2955
-1325.000000 2956
-1329.000000 2957
-1329.000000 2958
-1337.000000 2959
-1345.000000 2960
-1345.000000 2961
-1349.000000 2962
-1349.000000 2963
-1349.000000 2964
-1345.000000 2965
-1345.000000 2966
-1345.000000 2967
-1349.000000 2968
-1353.000000 2969
-1353.000000 2970
-1349.000000 2971
-1349.000000 2972
-1349.000000 2973
-1341.000000 2974
-1341.000000 2975
-1329.000000 2976
-1329.000000 2977
-1333.000000 2978
-1337.000000 2979
-1333.000000 2980
-1341.000000 2981
-1341.000000 2982
-1345.000000 2983
-1345.000000 2984
-1345.000000 2985
-1345.000000 2986
-1341.000000 2987
-1345.000000 2988
-1345.000000 2989
-1337.000000 2990
-1345.000000 2991
-1345.000000 2992
-1345.000000 2993
-1345.000000 2994
-1345.000000 2995
-1349.000000 2996
-1349.000000 2997
-1349.000000 2998
-1349.000000 2999
-1345.000000 3000
-1349.000000 3001
-1345.000000 3002
-1353.000000 3003
-1349.000000 3004
-1353.000000 3005
-1353.000000 3006
-1357.000000 3007
-1353.000000 3008
-1349.000000 3009
-1349.000000 3010
-1353.000000 3011
-1353.000000 3012
-1353.000000 3013
-1357.000000 3014
-1357.000000 3015
-1357.000000 3016
-1353.000000 3017
-1353.000000 3018
-1353.000000 3019
-1353.000000 3020
-1353.000000 3021
-1349.000000 3022
-1349.000000 3023
-1349.000000 3024
-1349.000000 3025
-1353.000000 3026
-1357.000000 3027
-1357.000000 3028
-1357.000000 3029
-1357.000000 3030
-1357.000000 3031
-1353.000000 3032
-1357.000000 3033
-1357.000000 3034
-1353.000000 3035
-1345.000000 3036
-1349.000000 3037
-1357.000000 3038
-1361.000000 3039
-1361.000000 3040
-1361.000000 3041
-1361.000000 3042
-1361.000000 3043
-1365.000000 3044
-1361.000000 3045
-1369.000000 3046
-1361.000000 3047
-1357.000000 3048
-1357.000000 3049
-1341.000000 3050
-1345.000000 3051
-1349.000000 3052
-1345.000000 3053
-1341.000000 3054
-1349.000000 3055
-1361.000000 3056
-1361.000000 3057
-1361.000000 3058
-1365.000000 3059
-1361.000000 3060
-1361.000000 3061
-1361.000000 3062
-1361.000000 3063
-1361.000000 3064
-1357.000000 3065
-1361.000000 3066
-1361.000000 3067
-1361.000000 3068
-1361.000000 3069
-1361.000000 3070
-1361.000000 3071
-1361.000000 3072
-1349.000000 3073
-1349.000000 3074
-1353.000000 3075
-1353.000000 3076
-1353.000000 3077
-1353.000000 3078
-1349.000000 3079
-1349.000000 3080
-1345.000000 3081
-1345.000000 3082
-1345.000000 3083
-1345.000000 3084
-1345.000000 3085
-1349.000000 3086
-1345.000000 3087
-1345.000000 3088
-1349.000000 3089
-1349.000000 3090
-1345.000000 3091
-1349.000000 3092
-1349.000000 3093
-1349.000000 3094
-1353.000000 3095
-1353.000000 3096
-1349.000000 3097
-1349.000000 3098
-1349.000000 3099
-1349.000000 3100
-1353.000000 3101
-1345.000000 3102
-1345.000000 3103
-1345.000000 3104
-1349.000000 3105
-1349.000000 3106
-1349.000000 3107
-1349.000000 3108
-1353.000000 3109
-1349.000000 3110
-1349.000000 3111
-1349.000000 3112
-1349.000000 3113
-1345.000000 3114
-1349.000000 3115
-1345.000000 3116
-1345.000000 3117
-1337.000000 3118
-1341.000000 3119
-1349.000000 3120
-1361.000000 3121
-1361.000000 3122
-1365.000000 3123
-1365.000000 3124
-1357.000000 3125
-1357.000000 3126
-1353.000000 3127
-1361.000000 3128
-1365.000000 3129
-1361.000000 3130
-1365.000000 3131
-1365.000000 3132
-1365.000000 3133
-1365.000000 3134
-1369.000000 3135
-1365.000000 3136
-1365.000000 3137
-1369.000000 3138
-1365.000000 3139
-1361.000000 3140
-1357.000000 3141
-1349.000000 3142
-1349.000000 3143
-1345.000000 3144
-1353.000000 3145
-1353.000000 3146
-1341.000000 3147
-1349.000000 3148
-1353.000000 3149
-1353.000000 3150
-1353.000000 3151
-1353.000000 3152
-1357.000000 3153
-1357.000000 3154
-1357.000000 3155
-1349.000000 3156
-1349.000000 3157
-1353.000000 3158
-1349.000000 3159
-1361.000000 3160
-1361.000000 3161
-1361.000000 3162
-1357.000000 3163
-1357.000000 3164
-1361.000000 3165
-1361.000000 3166
-1361.000000 3167
-1365.000000 3168
-1365.000000 3169
-1353.000000 3170
-1361.000000 3171
-1361.000000 3172
-1361.000000 3173
-1361.000000 3174
-1361.000000 3175
-1365.000000 3176
-1361.000000 3177
-1357.000000 3178
-1349.000000 3179
-1345.000000 3180
-1345.000000 3181
-1341.000000 3182
-1345.000000 3183
-1349.000000 3184
-1349.000000 3185
-1349.000000 3186
-1353.000000 3187
-1353.000000 3188
-1357.000000 3189
-1357.000000 3190
-1353.000000 3191
-1353.000000 3192
-1349.000000 3193
-1341.000000 3194
-1341.000000 3195
-1345.000000 3196
-1341.000000 3197
-1341.000000 3198
-1349.000000 3199
-1341.000000 3200
-1349.000000 3201
-1353.000000 3202
-1357.000000 3203
-1357.000000 3204
-1357.000000 3205
-1353.000000 3206
-1353.000000 3207
-1349.000000 3208
-1349.000000 3209
-1341.000000 3210
-1345.000000 3211
-1353.000000 3212
-1353.000000 3213
-1349.000000 3214
-1349.000000 3215
-1357.000000 3216
-1353.000000 3217
-1353.000000 3218
-1353.000000 3219
-1349.000000 3220
-1345.000000 3221
-1341.000000 3222
-1345.000000 3223
-1345.000000 3224
-1345.000000 3225
-1345.000000 3226
-1345.000000 3227
-1349.000000 3228
-1353.000000 3229
-1357.000000 3230
-1353.000000 3231
-1357.000000 3232
-1361.000000 3233
-1361.000000 3234
-1361.000000 3235
-1361.000000 3236
-1361.000000 3237
-1357.000000 3238
-1353.000000 3239
-1357.000000 3240
-1361.000000 3241
-1357.000000 3242
-1361.000000 3243
-1361.000000 3244
-1369.000000 3245
-1369.000000 3246
-1365.000000 3247
-1361.000000 3248
-1357.000000 3249
-1361.000000 3250
-1365.000000 3251
-1365.000000 3252
-1365.000000 3253
-1365.000000 3254
-1361.000000 3255
-1365.000000 3256
-1361.000000 3257
-1353.000000 3258
-1365.000000 3259
-1365.000000 3260
-1357.000000 3261
-1353.000000 3262
-1357.000000 3263
-1361.000000 3264
-1369.000000 3265
-1373.000000 3266
-1365.000000 3267
-1369.000000 3268
-1369.000000 3269
-1357.000000 3270
-1365.000000 3271
-1365.000000 3272
-1365.000000 3273
-1365.000000 3274
-1361.000000 3275
-1357.000000 3276
-1365.000000 3277
-1365.000000 3278
-1361.000000 3279
-1365.000000 3280
-1365.000000 3281
-1361.000000 3282
-1365.000000 3283
-1361.000000 3284
-1361.000000 3285
-1353.000000 3286
-1361.000000 3287
-1361.000000 3288
-1357.000000 3289
-1353.000000 3290
-1353.000000 3291
-1341.000000 3292
-1341.000000 3293
-1341.000000 3294
-1345.000000 3295
-1345.000000 3296
-1345.000000 3297
-1357.000000 3298
-1349.000000 3299
-1345.000000 3300
-1345.000000 3301
-1341.000000 3302
-1345.000000 3303
-1353.000000 3304
-1353.000000 3305
-1349.000000 3306
-1345.000000 3307
-1353.000000 3308
-1349.000000 3309
-1353.000000 3310
-1353.000000 3311
-1353.000000 3312
-1357.000000 3313
-1349.000000 3314
-1349.000000 3315
-1353.000000 3316
-1357.000000 3317
-1357.000000 3318
-1357.000000 3319
-1353.000000 3320
-1353.000000 3321
-1353.000000 3322
-1353.000000 3323
-1353.000000 3324
-1353.000000 3325
-1361.000000 3326
-1353.000000 3327
-1361.000000 3328
-1357.000000 3329
-1353.000000 3330
-1353.000000 3331
-1349.000000 3332
-1361.000000 3333
-1365.000000 3334
-1361.000000 3335
-1357.000000 3336
-1357.000000 3337
-1357.000000 3338
-1361.000000 3339
-1365.000000 3340
-1365.000000 3341
-1365.000000 3342
-1365.000000 3343
-1361.000000 3344
-1365.000000 3345
-1357.000000 3346
-1361.000000 3347
-1361.000000 3348
-1361.000000 3349
-1365.000000 3350
-1365.000000 3351
-1365.000000 3352
-1365.000000 3353
-1365.000000 3354
-1361.000000 3355
-1365.000000 3356
-1361.000000 3357
-1361.000000 3358
-1361.000000 3359
-1361.000000 3360
-1353.000000 3361
-1353.000000 3362
-1349.000000 3363
-1341.000000 3364
-1349.000000 3365
-1349.000000 3366
-1349.000000 3367
-1349.000000 3368
-1349.000000 3369
-1345.000000 3370
-1353.000000 3371
-1349.000000 3372
-1349.000000 3373
-1349.000000 3374
-1349.000000 3375
-1345.000000 3376
-1349.000000 3377
-1345.000000 3378
-1353.000000 3379
-1345.000000 3380
-1345.000000 3381
-1349.000000 3382
-1357.000000 3383
-1345.000000 3384
-1345.000000 3385
-1345.000000 3386
-1353.000000 3387
-1349.000000 3388
-1345.000000 3389
-1345.000000 3390
-1345.000000 3391
-1349.000000 3392
-1345.000000 3393
-1345.000000 3394
-1349.000000 3395
-1341.000000 3396
-1341.000000 3397
-1345.000000 3398
-1349.000000 3399
-1349.000000 3400
-1345.000000 3401
-1345.000000 3402
-1337.000000 3403
-1349.000000 3404
-1349.000000 3405
-1349.000000 3406
-1345.000000 3407
-1357.000000 3408
-1353.000000 3409
-1353.000000 3410
-1353.000000 3411
-1357.000000 3412
-1357.000000 3413
-1353.000000 3414
-1353.000000 3415
-1353.000000 3416
-1357.000000 3417
-1361.000000 3418
-1357.000000 3419
-1357.000000 3420
-1341.000000 3421
-1341.000000 3422
-1349.000000 3423
-1349.000000 3424
-1349.000000 3425
-1349.000000 3426
-1349.000000 3427
-1349.000000 3428
-1353.000000 3429
-1349.000000 3430
-1349.000000 3431
-1349.000000 3432
-1349.000000 3433
-1341.000000 3434
-1349.000000 3435
-1345.000000 3436
-1349.000000 3437
-1349.000000 3438
-1349.000000 3439
-1345.000000 3440
-1345.000000 3441
-1349.000000 3442
-1349.000000 3443
-1349.000000 3444
-1349.000000 3445
-1349.000000 3446
-1353.000000 3447
-1357.000000 3448
-1357.000000 3449
-1353.000000 3450
-1353.000000 3451
-1357.000000 3452
-1357.000000 3453
-1353.000000 3454
-1353.000000 3455
-1353.000000 3456
-1353.000000 3457
-1349.000000 3458
-1357.000000 3459
-1357.000000 3460
-1357.000000 3461
-1357.000000 3462
-1357.000000 3463
-1357.000000 3464
-1357.000000 3465
-1345.000000 3466
-1345.000000 3467
-1345.000000 3468
-1345.000000 3469
-1337.000000 3470
-1337.000000 3471
-1341.000000 3472
-1345.000000 3473
-1341.000000 3474
-1345.000000 3475
-1341.000000 3476
-1337.000000 3477
-1349.000000 3478
-1345.000000 3479
-1349.000000 3480
-1349.000000 3481
-1357.000000 3482
-1353.000000 3483
-1357.000000 3484
-1353.000000 3485
-1345.000000 3486
-1353.000000 3487
-1353.000000 3488
-1353.000000 3489
-1349.000000 3490
-1349.000000 3491
-1353.000000 3492
-1357.000000 3493
-1353.000000 3494
-1357.000000 3495
-1361.000000 3496
-1361.000000 3497
-1361.000000 3498
-1361.000000 3499
-1369.000000 3500
-1369.000000 3501
-1361.000000 3502
-1353.000000 3503
-1361.000000 3504
-1357.000000 3505
-1361.000000 3506
-1365.000000 3507
-1365.000000 3508
-1369.000000 3509
-1369.000000 3510
-1361.000000 3511
-1357.000000 3512
-1357.000000 3513
-1357.000000 3514
-1361.000000 3515
-1361.000000 3516
-1369.000000 3517
-1373.000000 3518
-1373.000000 3519
-1369.000000 3520
-1373.000000 3521
-1373.000000 3522
-1369.000000 3523
-1365.000000 3524
-1365.000000 3525
-1365.000000 3526
-1373.000000 3527
-1373.000000 3528
-1373.000000 3529
-1373.000000 3530
-1365.000000 3531
-1365.000000 3532
-1369.000000 3533
-1361.000000 3534
-1357.000000 3535
-1357.000000 3536
-1361.000000 3537
-1361.000000 3538
-1361.000000 3539
-1361.000000 3540
-1353.000000 3541
-1345.000000 3542
-1349.000000 3543
-1349.000000 3544
-1349.000000 3545
-1341.000000 3546
-1345.000000 3547
-1349.000000 3548
-1357.000000 3549
-1353.000000 3550
-1349.000000 3551
-1349.000000 3552
-1353.000000 3553
-1357.000000 3554
-1361.000000 3555
-1361.000000 3556
-1357.000000 3557
-1357.000000 3558
-1357.000000 3559
-1361.000000 3560
-1357.000000 3561
-1357.000000 3562
-1361.000000 3563
-1365.000000 3564
-1365.000000 3565
-1365.000000 3566
-1361.000000 3567
-1361.000000 3568
-1365.000000 3569
-1357.000000 3570
-1365.000000 3571
-1365.000000 3572
-1365.000000 3573
-1365.000000 3574
-1365.000000 3575
-1361.000000 3576
-1361.000000 3577
-1365.000000 3578
-1365.000000 3579
-1365.000000 3580
-1357.000000 3581
-1353.000000 3582
-1357.000000 3583
-1357.000000 3584
-1357.000000 3585
-1357.000000 3586
-1353.000000 3587
-1361.000000 3588
-1365.000000 3589
-1369.000000 3590
-1365.000000 3591
-1361.000000 3592
-1369.000000 3593
-1369.000000 3594
-1369.000000 3595
-1369.000000 3596
-1369.000000 3597
-1365.000000 3598
-1361.000000 3599
-1357.000000 3600
-1357.000000 3601
-1365.000000 3602
-1369.000000 3603
-1369.000000 3604
-1369.000000 3605
-1365.000000 3606
-1365.000000 3607
-1369.000000 3608
-1365.000000 3609
-1365.000000 3610
-1361.000000 3611
-1361.000000 3612
-1361.000000 3613
-1369.000000 3614
-1365.000000 3615
-1365.000000 3616
-1365.000000 3617
-1365.000000 3618
-1357.000000 3619
-1361.000000 3620
-1353.000000 3621
-1357.000000 3622
-1357.000000 3623
-1353.000000 3624
-1349.000000 3625
-1357.000000 3626
-1357.000000 3627
-1365.000000 3628
-1357.000000 3629
-1357.000000 3630
-1349.000000 3631
-1349.000000 3632
-1357.000000 3633
-1349.000000 3634
-1349.000000 3635
-1361.000000 3636
-1361.000000 3637
-1365.000000 3638
-1365.000000 3639
-1369.000000 3640
-1369.000000 3641
-1365.000000 3642
-1361.000000 3643
-1365.000000 3644
-1365.000000 3645
-1365.000000 3646
-1369.000000 3647
-1369.000000 3648
-1373.000000 3649
-1369.000000 3650
-1373.000000 3651
-1369.000000 3652
-1369.000000 3653
-1373.000000 3654
-1377.000000 3655
-1381.000000 3656
-1381.000000 3657
-1381.000000 3658
-1377.000000 3659
-1385.000000 3660
-1385.000000 3661
-1385.000000 3662
-1381.000000 3663
-1381.000000 3664
-1369.000000 3665
-1365.000000 3666
-1365.000000 3667
-1365.000000 3668
-1369.000000 3669
-1369.000000 3670
-1369.000000 3671
-1369.000000 3672
-1373.000000 3673
-1369.000000 3674
-1361.000000 3675
-1353.000000 3676
-1353.000000 3677
-1361.000000 3678
-1365.000000 3679
-1373.000000 3680
-1377.000000 3681
-1373.000000 3682
-1369.000000 3683
-1373.000000 3684
-1377.000000 3685
-1377.000000 3686
-1377.000000 3687
-1377.000000 3688
-1377.000000 3689
-1377.000000 3690
-1373.000000 3691
-1369.000000 3692
-1365.000000 3693
-1365.000000 3694
-1365.000000 3695
-1365.000000 3696
-1361.000000 3697
-1365.000000 3698
-1369.000000 3699
-1373.000000 3700
-1369.000000 3701
-1365.000000 3702
-1361.000000 3703
-1361.000000 3704
-1361.000000 3705
-1357.000000 3706
-1357.000000 3707
-1357.000000 3708
-1357.000000 3709
-1357.000000 3710
-1357.000000 3711
-1357.000000 3712
-1353.000000 3713
-1353.000000 3714
-1349.000000 3715
-1349.000000 3716
-1349.000000 3717
-1349.000000 3718
-1345.000000 3719
-1345.000000 3720
-1353.000000 3721
-1353.000000 3722
-1349.000000 3723
-1353.000000 3724
-1349.000000 3725
-1353.000000 3726
-1353.000000 3727
-1353.000000 3728
-1349.000000 3729
-1361.000000 3730
-1357.000000 3731
-1361.000000 3732
-1357.000000 3733
-1353.000000 3734
-1349.000000 3735
-1349.000000 3736
-1349.000000 3737
-1345.000000 3738
-1345.000000 3739
-1341.000000 3740
-1345.000000 3741
-1341.000000 3742
-1345.000000 3743
-1345.000000 3744
-1345.000000 3745
-1345.000000 3746
-1345.000000 3747
-1349.000000 3748
-1345.000000 3749
-1345.000000 3750
-1345.000000 3751
-1341.000000 3752
-1337.000000 3753
-1341.000000 3754
-1333.000000 3755
-1345.000000 3756
-1341.000000 3757
-1345.000000 3758
-1345.000000 3759
-1345.000000 3760
-1345.000000 3761
-1333.000000 3762
-1341.000000 3763
-1345.000000 3764
-1349.000000 3765
-1349.000000 3766
-1349.000000 3767
-1345.000000 3768
-1349.000000 3769
-1345.000000 3770
-1349.000000 3771
-1349.000000 3772
-1353.000000 3773
-1353.000000 3774
-1353.000000 3775
-1349.000000 3776
-1345.000000 3777
-1345.000000 3778
-1349.000000 3779
-1341.000000 3780
-1345.000000 3781
-1345.000000 3782
-1349.000000 3783
-1349.000000 3784
-1341.000000 3785
-1353.000000 3786
-1341.000000 3787
-1357.000000 3788
-1353.000000 3789
-1357.000000 3790
-1357.000000 3791
-1357.000000 3792
-1357.000000 3793
-1357.000000 3794
-1357.000000 3795
-1357.000000 3796
-1345.000000 3797
-1345.000000 3798
-1349.000000 3799
-1361.000000 3800
-1361.000000 3801
-1357.000000 3802
-1357.000000 3803
-1357.000000 3804
-1357.000000 3805
-1349.000000 3806
-1357.000000 3807
-1361.000000 3808
-1361.000000 3809
-1357.000000 3810
-1349.000000 3811
-1357.000000 3812
-1361.000000 3813
-1361.000000 3814
-1353.000000 3815
-1349.000000 3816
-1349.000000 3817
-1353.000000 3818
-1357.000000 3819
-1365.000000 3820
-1365.000000 3821
-1357.000000 3822
-1353.000000 3823
-1353.000000 3824
-1353.000000 3825
-1341.000000 3826
-1341.000000 3827
-1345.000000 3828
-1337.000000 3829
-1345.000000 3830
-1345.000000 3831
-1341.000000 3832
-1349.000000 3833
-1349.000000 3834
-1353.000000 3835
-1353.000000 3836
-1353.000000 3837
-1353.000000 3838
-1349.000000 3839
-1349.000000 3840
-1349.000000 3841
-1353.000000 3842
-1345.000000 3843
-1345.000000 3844
-1345.000000 3845
-1349.000000 3846
-1345.000000 3847
-1333.000000 3848
-1349.000000 3849
-1345.000000 3850
-1349.000000 3851
-1349.000000 3852
-1349.000000 3853
-1353.000000 3854
-1361.000000 3855
-1361.000000 3856
-1361.000000 3857
-1353.000000 3858
-1349.000000 3859
-1345.000000 3860
-1345.000000 3861
-1345.000000 3862
-1345.000000 3863
-1353.000000 3864
-1345.000000 3865
-1345.000000 3866
-1345.000000 3867
-1345.000000 3868
-1345.000000 3869
-1345.000000 3870
-1341.000000 3871
-1341.000000 3872
-1341.000000 3873
-1349.000000 3874
-1349.000000 3875
-1349.000000 3876
-1349.000000 3877
-1353.000000 3878
-1353.000000 3879
-1357.000000 3880
-1357.000000 3881
-1361.000000 3882
-1357.000000 3883
-1357.000000 3884
-1357.000000 3885
-1353.000000 3886
-1349.000000 3887
-1345.000000 3888
-1333.000000 3889
-1333.000000 3890
-1341.000000 3891
-1345.000000 3892
-1353.000000 3893
-1357.000000 3894
-1365.000000 3895
-1365.000000 3896
-1365.000000 3897
-1365.000000 3898
-1369.000000 3899
-1369.000000 3900
-1369.000000 3901
-1369.000000 3902
-1369.000000 3903
-1365.000000 3904
-1365.000000 3905
-1365.000000 3906
-1361.000000 3907
-1361.000000 3908
-1365.000000 3909
-1369.000000 3910
-1369.000000 3911
-1365.000000 3912
-1369.000000 3913
-1369.000000 3914
-1369.000000 3915
-1369.000000 3916
-1373.000000 3917
-1373.000000 3918
-1369.000000 3919
-1369.000000 3920
-1369.000000 3921
-1369.000000 3922
-1373.000000 3923
-1369.000000 3924
-1373.000000 3925
-1373.000000 3926
-1373.000000 3927
-1373.000000 3928
-1369.000000 3929
-1369.000000 3930
-1369.000000 3931
-1369.000000 3932
-1365.000000 3933
-1361.000000 3934
-1365.000000 3935
-1365.000000 3936
-1369.000000 3937
-1365.000000 3938
-1361.000000 3939
-1361.000000 3940
-1369.000000 3941
-1373.000000 3942
-1373.000000 3943
-1373.000000 3944
-1369.000000 3945
-1373.000000 3946
-1373.000000 3947
-1377.000000 3948
-1369.000000 3949
-1361.000000 3950
-1365.000000 3951
-1365.000000 3952
-1373.000000 3953
-1377.000000 3954
-1373.000000 3955
-1377.000000 3956
-1369.000000 3957
-1373.000000 3958
-1369.000000 3959
-1365.000000 3960
-1369.000000 3961
-1365.000000 3962
-1369.000000 3963
-1361.000000 3964
-1365.000000 3965
-1369.000000 3966
-1369.000000 3967
-1369.000000 3968
-1365.000000 3969
-1373.000000 3970
-1365.000000 3971
-1369.000000 3972
-1377.000000 3973
-1381.000000 3974
-1381.000000 3975
-1377.000000 3976
-1381.000000 3977
-1381.000000 3978
-1377.000000 3979
-1369.000000 3980
-1373.000000 3981
-1373.000000 3982
-1373.000000 3983
-1373.000000 3984
-1373.000000 3985
-1369.000000 3986
-1369.000000 3987
-1369.000000 3988
-1373.000000 3989
-1377.000000 3990
-1377.000000 3991
-1381.000000 3992
-1377.000000 3993
-1377.000000 3994
-1369.000000 3995
-1369.000000 3996
-1373.000000 3997
-1373.000000 3998
-1373.000000 3999
-1365.000000 4000
-1365.000000 4001
-1369.000000 4002
-1373.000000 4003
-1369.000000 4004
-1377.000000 4005
-1373.000000 4006
-1369.000000 4007
-1365.000000 4008
-1369.000000 4009
-1373.000000 4010
-1373.000000 4011
-1373.000000 4012
-1373.000000 4013
-1361.000000 4014
-1365.000000 4015
-1369.000000 4016
-1361.000000 4017
-1361.000000 4018
-1361.000000 4019
-1357.000000 4020
-1357.000000 4021
-1365.000000 4022
-1369.000000 4023
-1369.000000 4024
-1373.000000 4025
-1373.000000 4026
-1373.000000 4027
-1373.000000 4028
-1361.000000 4029
-1369.000000 4030
-1369.000000 4031
-1369.000000 4032
-1365.000000 4033
-1365.000000 4034
-1361.000000 4035
-1357.000000 4036
-1365.000000 4037
-1369.000000 4038
-1365.000000 4039
-1361.000000 4040
-1365.000000 4041
-1365.000000 4042
-1365.000000 4043
-1365.000000 4044
-1365.000000 4045
-1365.000000 4046
-1365.000000 4047
-1361.000000 4048
-1361.000000 4049
-1357.000000 4050
-1357.000000 4051
-1357.000000 4052
-1357.000000 4053
-1365.000000 4054
-1369.000000 4055
-1369.000000 4056
-1365.000000 4057
-1365.000000 4058
-1361.000000 4059
-1373.000000 4060
-1369.000000 4061
-1365.000000 4062
-1365.000000 4063
-1365.000000 4064
-1361.000000 4065
-1369.000000 4066
-1369.000000 4067
-1373.000000 4068
-1373.000000 4069
-1369.000000 4070
-1369.000000 4071
-1369.000000 4072
-1373.000000 4073
-1369.000000 4074
-1369.000000 4075
-1369.000000 4076
-1365.000000 4077
-1365.000000 4078
-1373.000000 4079
-1377.000000 4080
-1377.000000 4081
-1377.000000 4082
-1377.000000 4083
-1377.000000 4084
-1369.000000 4085
-1373.000000 4086
-1373.000000 4087
-1373.000000 4088
-1377.000000 4089
-1381.000000 4090
-1381.000000 4091
-1373.000000 4092
-1369.000000 4093
-1369.000000 4094
-1373.000000 4095
-1377.000000 4096
-1377.000000 4097
-1373.000000 4098
-1373.000000 4099
-1373.000000 4100
-1369.000000 4101
-1365.000000 4102
-1365.000000 4103
-1373.000000 4104
-1377.000000 4105
-1369.000000 4106
-1369.000000 4107
-1361.000000 4108
-1353.000000 4109
-1353.000000 4110
-1357.000000 4111
-1357.000000 4112
-1353.000000 4113
-1353.000000 4114
-1345.000000 4115
-1337.000000 4116
-1353.000000 4117
-1349.000000 4118
-1353.000000 4119
-1353.000000 4120
-1349.000000 4121
-1353.000000 4122
-1365.000000 4123
-1369.000000 4124
-1365.000000 4125
-1361.000000 4126
-1361.000000 4127
-1365.000000 4128
-1361.000000 4129
-1361.000000 4130
-1365.000000 4131
-1369.000000 4132
-1365.000000 4133
-1369.000000 4134
-1365.000000 4135
-1365.000000 4136
-1373.000000 4137
-1369.000000 4138
-1373.000000 4139
-1373.000000 4140
-1369.000000 4141
-1369.000000 4142
-1365.000000 4143
-1369.000000 4144
-1373.000000 4145
-1365.000000 4146
-1373.000000 4147
-1369.000000 4148
-1369.000000 4149
-1369.000000 4150
-1369.000000 4151
-1373.000000 4152
-1369.000000 4153
-1365.000000 4154
-1365.000000 4155
-1365.000000 4156
-1361.000000 4157
-1361.000000 4158
-1365.000000 4159
-1361.000000 4160
-1361.000000 4161
-1357.000000 4162
-1345.000000 4163
-1365.000000 4164
-1365.000000 4165
-1373.000000 4166
-1373.000000 4167
-1373.000000 4168
-1365.000000 4169
-1365.000000 4170
-1365.000000 4171
-1373.000000 4172
-1369.000000 4173
-1381.000000 4174
-1381.000000 4175
-1381.000000 4176
-1377.000000 4177
-1381.000000 4178
-1381.000000 4179
-1381.000000 4180
-1381.000000 4181
-1381.000000 4182
-1381.000000 4183
-1381.000000 4184
-1373.000000 4185
-1373.000000 4186
-1377.000000 4187
-1377.000000 4188
-1373.000000 4189
-1373.000000 4190
-1369.000000 4191
-1369.000000 4192
-1369.000000 4193
-1365.000000 4194
-1369.000000 4195
-1373.000000 4196
-1365.000000 4197
-1361.000000 4198
-1361.000000 4199
-1357.000000 4200
-1365.000000 4201
-1361.000000 4202
-1365.000000 4203
-1361.000000 4204
-1365.000000 4205
-1365.000000 4206
-1353.000000 4207
-1353.000000 4208
-1353.000000 4209
-1357.000000 4210
-1357.000000 4211
-1357.000000 4212
-1365.000000 4213
-1369.000000 4214
-1365.000000 4215
-1353.000000 4216
-1357.000000 4217
-1361.000000 4218
-1365.000000 4219
-1365.000000 4220
-1369.000000 4221
-1365.000000 4222
-1365.000000 4223
-1361.000000 4224
-1373.000000 4225
-1373.000000 4226
-1377.000000 4227
-1377.000000 4228
-1377.000000 4229
-1381.000000 4230
-1381.000000 4231
-1381.000000 4232
-1381.000000 4233
-1377.000000 4234
-1381.000000 4235
-1385.000000 4236
-1381.000000 4237
-1385.000000 4238
-1385.000000 4239
-1385.000000 4240
-1389.000000 4241
-1385.000000 4242
-1385.000000 4243
-1385.000000 4244
-1381.000000 4245
-1361.000000 4246
-1365.000000 4247
-1369.000000 4248
-1373.000000 4249
-1373.000000 4250
-1369.000000 4251
-1365.000000 4252
-1361.000000 4253
-1369.000000 4254
-1365.000000 4255
-1369.000000 4256
-1369.000000 4257
-1369.000000 4258
-1369.000000 4259
-1369.000000 4260
-1369.000000 4261
-1373.000000 4262
-1369.000000 4263
-1373.000000 4264
-1373.000000 4265
-1369.000000 4266
-1361.000000 4267
-1373.000000 4268
-1365.000000 4269
-1369.000000 4270
-1377.000000 4271
-1377.000000 4272
-1377.000000 4273
-1373.000000 4274
-1373.000000 4275
-1373.000000 4276
-1377.000000 4277
-1377.000000 4278
-1377.000000 4279
-1373.000000 4280
-1373.000000 4281
-1373.000000 4282
-1373.000000 4283
-1377.000000 4284
-1377.000000 4285
-1377.000000 4286
-1377.000000 4287
-1373.000000 4288
-1369.000000 4289
-1373.000000 4290
-1369.000000 4291
-1377.000000 4292
-1377.000000 4293
-1373.000000 4294
-1369.000000 4295
-1369.000000 4296
-1381.000000 4297
-1381.000000 4298
-1381.000000 4299
-1381.000000 4300
-1381.000000 4301
-1377.000000 4302
-1377.000000 4303
-1381.000000 4304
-1381.000000 4305
-1381.000000 4306
-1377.000000 4307
-1377.000000 4308
-1377.000000 4309
-1377.000000 4310
-1381.000000 4311
-1377.000000 4312
-1377.000000 4313
-1377.000000 4314
-1381.000000 4315
-1381.000000 4316
-1381.000000 4317
-1381.000000 4318
-1381.000000 4319
-1377.000000 4320
-1369.000000 4321
-1369.000000 4322
-1373.000000 4323
-1377.000000 4324
-1377.000000 4325
-1377.000000 4326
-1377.000000 4327
-1365.000000 4328
-1373.000000 4329
-1373.000000 4330
-1381.000000 4331
-1377.000000 4332
-1377.000000 4333
-1377.000000 4334
-1373.000000 4335
-1373.000000 4336
-1377.000000 4337
-1381.000000 4338
-1377.000000 4339
-1377.000000 4340
-1381.000000 4341
-1377.000000 4342
-1373.000000 4343
-1373.000000 4344
-1373.000000 4345
-1373.000000 4346
-1377.000000 4347
-1373.000000 4348
-1385.000000 4349
-1389.000000 4350
-1393.000000 4351
-1389.000000 4352
-1393.000000 4353
-1389.000000 4354
-1389.000000 4355
-1393.000000 4356
-1385.000000 4357
-1389.000000 4358
-1393.000000 4359
-1389.000000 4360
-1389.000000 4361
-1389.000000 4362
-1389.000000 4363
-1393.000000 4364
-1397.000000 4365
-1397.000000 4366
-1397.000000 4367
-1397.000000 4368
-1397.000000 4369
-1397.000000 4370
-1397.000000 4371
-1393.000000 4372
-1393.000000 4373
-1397.000000 4374
-1397.000000 4375
-1401.000000 4376
-1401.000000 4377
-1381.000000 4378
-1389.000000 4379
-1389.000000 4380
-1385.000000 4381
-1385.000000 4382
-1381.000000 4383
-1385.000000 4384
-1385.000000 4385
-1389.000000 4386
-1389.000000 4387
-1385.000000 4388
-1389.000000 4389
-1389.000000 4390
-1393.000000 4391
-1397.000000 4392
-1401.000000 4393
-1401.000000 4394
-1401.000000 4395
-1397.000000 4396
-1401.000000 4397
-1401.000000 4398
-1401.000000 4399
-1397.000000 4400
-1393.000000 4401
-1393.000000 4402
-1397.000000 4403
-1397.000000 4404
-1401.000000 4405
-1401.000000 4406
-1397.000000 4407
-1401.000000 4408
-1397.000000 4409
-1405.000000 4410
-1405.000000 4411
-1401.000000 4412
-1405.000000 4413
-1389.000000 4414
-1393.000000 4415
-1397.000000 4416
-1397.000000 4417
-1397.000000 4418
-1397.000000 4419
-1397.000000 4420
-1393.000000 4421
-1393.000000 4422
-1393.000000 4423
-1401.000000 4424
-1401.000000 4425
-1401.000000 4426
-1401.000000 4427
-1393.000000 4428
-1389.000000 4429
-1393.000000 4430
-1393.000000 4431
-1401.000000 4432
-1401.000000 4433
-1401.000000 4434
-1401.000000 4435
-1401.000000 4436
-1401.000000 4437
-1397.000000 4438
-1401.000000 4439
-1397.000000 4440
-1397.000000 4441
-1397.000000 4442
-1397.000000 4443
-1397.000000 4444
-1397.000000 4445
-1393.000000 4446
-1397.000000 4447
-1401.000000 4448
-1401.000000 4449
-1401.000000 4450
-1401.000000 4451
-1393.000000 4452
-1393.000000 4453
-1397.000000 4454
-1397.000000 4455
-1397.000000 4456
-1405.000000 4457
-1405.000000 4458
-1397.000000 4459
-1397.000000 4460
-1401.000000 4461
-1401.000000 4462
-1409.000000 4463
-1409.000000 4464
-1405.000000 4465
-1405.000000 4466
-1401.000000 4467
-1401.000000 4468
-1405.000000 4469
-1405.000000 4470
-1409.000000 4471
-1409.000000 4472
-1409.000000 4473
-1413.000000 4474
-1413.000000 4475
-1413.000000 4476
-1413.000000 4477
-1413.000000 4478
-1413.000000 4479
-1413.000000 4480
-1409.000000 4481
-1405.000000 4482
-1409.000000 4483
-1413.000000 4484
-1413.000000 4485
-1413.000000 4486
-1413.000000 4487
-1413.000000 4488
-1405.000000 4489
-1409.000000 4490
-1413.000000 4491
-1413.000000 4492
-1413.000000 4493
-1413.000000 4494
-1413.000000 4495
-1409.000000 4496
-1409.000000 4497
-1405.000000 4498
-1405.000000 4499
-1401.000000 4500
-1401.000000 4501
-1401.000000 4502
-1401.000000 4503
-1397.000000 4504
-1397.000000 4505
-1401.000000 4506
-1401.000000 4507
-1405.000000 4508
-1401.000000 4509
-1397.000000 4510
-1397.000000 4511
-1397.000000 4512
-1397.000000 4513
-1393.000000 4514
-1393.000000 4515
-1393.000000 4516
-1397.000000 4517
-1393.000000 4518
-1397.000000 4519
-1393.000000 4520
-1393.000000 4521
-1389.000000 4522
-1389.000000 4523
-1389.000000 4524
-1393.000000 4525
-1397.000000 4526
-1397.000000 4527
-1397.000000 4528
-1405.000000 4529
-1405.000000 4530
-1405.000000 4531
-1401.000000 4532
-1397.000000 4533
-1401.000000 4534
-1405.000000 4535
-1405.000000 4536
-1401.000000 4537
-1401.000000 4538
-1401.000000 4539
-1405.000000 4540
-1401.000000 4541
-1401.000000 4542
-1401.000000 4543
-1401.000000 4544
-1405.000000 4545
-1409.000000 4546
-1409.000000 4547
-1409.000000 4548
-1409.000000 4549
-1401.000000 4550
-1401.000000 4551
-1393.000000 4552
-1397.000000 4553
-1393.000000 4554
-1389.000000 4555
-1397.000000 4556
-1401.000000 4557
-1401.000000 4558
-1397.000000 4559
-1397.000000 4560
-1397.000000 4561
-1401.000000 4562
-1405.000000 4563
-1397.000000 4564
-1393.000000 4565
-1393.000000 4566
-1393.000000 4567
-1389.000000 4568
-1389.000000 4569
-1389.000000 4570
-1389.000000 4571
-1385.000000 4572
-1385.000000 4573
-1389.000000 4574
-1385.000000 4575
-1393.000000 4576
-1389.000000 4577
-1385.000000 4578
-1389.000000 4579
-1397.000000 4580
-1397.000000 4581
-1397.000000 4582
-1385.000000 4583
-1381.000000 4584
-1393.000000 4585
-1397.000000 4586
-1397.000000 4587
-1397.000000 4588
-1389.000000 4589
-1393.000000 4590
-1393.000000 4591
-1389.000000 4592
-1385.000000 4593
-1385.000000 4594
-1385.000000 4595
-1381.000000 4596
-1377.000000 4597
-1389.000000 4598
-1397.000000 4599
-1389.000000 4600
-1389.000000 4601
-1393.000000 4602
-1401.000000 4603
-1401.000000 4604
-1393.000000 4605
-1397.000000 4606
-1393.000000 4607
-1389.000000 4608
-1389.000000 4609
-1393.000000 4610
-1393.000000 4611
-1389.000000 4612
-1389.000000 4613
-1389.000000 4614
-1389.000000 4615
-1389.000000 4616
-1389.000000 4617
-1389.000000 4618
-1389.000000 4619
-1385.000000 4620
-1397.000000 4621
-1397.000000 4622
-1401.000000 4623
-1401.000000 4624
-1401.000000 4625
-1397.000000 4626
-1393.000000 4627
-1381.000000 4628
-1389.000000 4629
-1389.000000 4630
-1381.000000 4631
-1385.000000 4632
-1389.000000 4633
-1393.000000 4634
-1393.000000 4635
-1393.000000 4636
-1393.000000 4637
-1389.000000 4638
-1389.000000 4639
-1381.000000 4640
-1381.000000 4641
-1381.000000 4642
-1369.000000 4643
-1369.000000 4644
-1369.000000 4645
-1377.000000 4646
-1377.000000 4647
-1389.000000 4648
-1393.000000 4649
-1393.000000 4650
-1393.000000 4651
-1389.000000 4652
-1385.000000 4653
-1385.000000 4654
-1389.000000 4655
-1393.000000 4656
-1385.000000 4657
-1389.000000 4658
-1393.000000 4659
-1393.000000 4660
-1393.000000 4661
-1393.000000 4662
-1389.000000 4663
-1389.000000 4664
-1389.000000 4665
-1393.000000 4666
-1393.000000 4667
-1389.000000 4668
-1389.000000 4669
-1385.000000 4670
-1385.000000 4671
-1389.000000 4672
-1385.000000 4673
-1381.000000 4674
-1389.000000 4675
-1389.000000 4676
-1389.000000 4677
-1389.000000 4678
-1389.000000 4679
-1389.000000 4680
-1389.000000 4681
-1389.000000 4682
-1393.000000 4683
-1397.000000 4684
-1397.000000 4685
-1397.000000 4686
-1397.000000 4687
-1397.000000 4688
-1397.000000 4689
-1393.000000 4690
-1385.000000 4691
-1385.000000 4692
-1393.000000 4693
-1393.000000 4694
-1389.000000 4695
-1381.000000 4696
-1381.000000 4697
-1385.000000 4698
-1381.000000 4699
-1385.000000 4700
-1385.000000 4701
-1385.000000 4702
-1381.000000 4703
-1385.000000 4704
-1385.000000 4705
-1385.000000 4706
-1381.000000 4707
-1377.000000 4708
-1373.000000 4709
-1377.000000 4710
-1377.000000 4711
-1385.000000 4712
-1389.000000 4713
-1385.000000 4714
-1393.000000 4715
-1389.000000 4716
-1385.000000 4717
-1389.000000 4718
-1393.000000 4719
-1393.000000 4720
-1389.000000 4721
-1385.000000 4722
-1385.000000 4723
-1385.000000 4724
-1393.000000 4725
-1393.000000 4726
-1393.000000 4727
-1393.000000 4728
-1397.000000 4729
-1393.000000 4730
-1393.000000 4731
-1397.000000 4732
-1389.000000 4733
-1393.000000 4734
-1397.000000 4735
-1393.000000 4736
-1393.000000 4737
-1401.000000 4738
-1401.000000 4739
-1401.000000 4740
-1401.000000 4741
-1401.000000 4742
-1401.000000 4743
-1405.000000 4744
-1405.000000 4745
-1405.000000 4746
-1401.000000 4747
-1397.000000 4748
-1397.000000 4749
-1389.000000 4750
-1397.000000 4751
-1393.000000 4752
-1397.000000 4753
-1393.000000 4754
-1389.000000 4755
-1393.000000 4756
-1393.000000 4757
-1393.000000 4758
-1389.000000 4759
-1397.000000 4760
-1401.000000 4761
-1401.000000 4762
-1401.000000 4763
-1401.000000 4764
-1401.000000 4765
-1409.000000 4766
-1409.000000 4767
-1409.000000 4768
-1405.000000 4769
-1397.000000 4770
-1397.000000 4771
-1397.000000 4772
-1393.000000 4773
-1393.000000 4774
-1397.000000 4775
-1401.000000 4776
-1401.000000 4777
-1401.000000 4778
-1397.000000 4779
-1393.000000 4780
-1389.000000 4781
-1389.000000 4782
-1393.000000 4783
-1397.000000 4784
-1401.000000 4785
-1401.000000 4786
-1401.000000 4787
-1401.000000 4788
-1397.000000 4789
-1401.000000 4790
-1401.000000 4791
-1401.000000 4792
-1409.000000 4793
-1405.000000 4794
-1405.000000 4795
-1405.000000 4796
-1405.000000 4797
-1405.000000 4798
-1401.000000 4799
-1401.000000 4800
-1401.000000 4801
-1401.000000 4802
-1397.000000 4803
-1397.000000 4804
-1397.000000 4805
-1401.000000 4806
-1401.000000 4807
-1401.000000 4808
-1401.000000 4809
-1401.000000 4810
-1397.000000 4811
-1389.000000 4812
-1401.000000 4813
-1401.000000 4814
-1397.000000 4815
-1393.000000 4816
-1389.000000 4817
-1393.000000 4818
-1397.000000 4819
-1401.000000 4820
-1401.000000 4821
-1405.000000 4822
-1405.000000 4823
-1405.000000 4824
-1401.000000 4825
-1405.000000 4826
-1401.000000 4827
-1397.000000 4828
-1401.000000 4829
-1405.000000 4830
-1401.000000 4831
-1393.000000 4832
-1397.000000 4833
-1397.000000 4834
-1397.000000 4835
-1397.000000 4836
-1397.000000 4837
-1397.000000 4838
-1397.000000 4839
-1397.000000 4840
-1397.000000 4841
-1401.000000 4842
-1397.000000 4843
-1401.000000 4844
-1401.000000 4845
-1397.000000 4846
-1397.000000 4847
-1397.000000 4848
-1397.000000 4849
-1397.000000 4850
-1397.000000 4851
-1401.000000 4852
-1401.000000 4853
-1397.000000 4854
-1401.000000 4855
-1397.000000 4856
-1385.000000 4857
-1393.000000 4858
-1393.000000 4859
-1393.000000 4860
-1393.000000 4861
-1393.000000 4862
-1393.000000 4863
-1397.000000 4864
-1397.000000 4865
-1393.000000 4866
-1393.000000 4867
-1389.000000 4868
-1389.000000 4869
-1393.000000 4870
-1393.000000 4871
-1397.000000 4872
-1397.000000 4873
-1397.000000 4874
-1397.000000 4875
-1401.000000 4876
-1401.000000 4877
-1397.000000 4878
-1389.000000 4879
-1397.000000 4880
-1393.000000 4881
-1385.000000 4882
-1389.000000 4883
-1393.000000 4884
-1397.000000 4885
-1401.000000 4886
-1401.000000 4887
-1401.000000 4888
-1401.000000 4889
-1397.000000 4890
-1401.000000 4891
-1401.000000 4892
-1401.000000 4893
-1401.000000 4894
-1401.000000 4895
-1401.000000 4896
-1397.000000 4897
-1393.000000 4898
-1393.000000 4899
-1393.000000 4900
