-nan(ind) 3.0
-nan(ind) 3.0
-nan(ind) 1.0
-nan(ind) 1.0
-nan(ind) 1.0
-nan(ind) 1.0
-nan(ind) 1.0
-nan(ind) 3.0
-nan(ind) 3.0
0.233827 3.0
0.324732 3.0
0.336531 3.0
0.235764 3.0
0.217838 3.0
1.500658 1.0
2.461731 1.5
0.478837 2.0
0.376341 2.5
0.211477 3.0
0.126961 4.0
0.083365 5.0
2.701267 1.0
1.619256 1.5
1.784305 2.0
0.439413 2.0
0.134353 1.5
0.411218 3.0
0.167515 4.0
0.308183 3.5
0.172024 4.0
0.052200 1.0
0.258061 1.5
0.305794 2.0
0.427451 3.0
0.189039 4.0
0.150589 4.0
0.148424 4.0
-nan(ind) 4.0
-nan(ind) 4.0
-nan(ind) 4.0
-nan(ind) 4.0
-nan(ind) 4.0
-nan(ind) 4.0
0.186067 4.0
0.089480 1.0
0.357008 1.5
0.399868 2.0
0.716075 2.5
0.739765 3.0
0.297223 3.5
0.183353 4.0
0.160619 4.0
0.156116 4.0
0.133900 4.0
0.023601 1.0
0.397885 3.0
0.000620 2.0
0.000811 2.0
0.000665 2.0
0.613634 2.0
0.627077 2.0
0.228283 2.0
0.586288 2.0
0.558681 2.0
-nan(ind) 2.0
0.751785 2.0
0.789825 2.0
0.433578 2.0
0.785052 2.0
0.638624 2.0
0.634776 2.0
0.746342 2.0
-nan(ind) 1.0
0.280721 4.0
0.063817 7.0
0.028517 10.0
0.140625 0.5
5.294244 1.0
